41.165
43.2333333333
48.7422222222
45.3781481481
42.2054320988
76.2136213992
86.9924142661
83.6816095107
83.2477396738
90.2051597826
86.8967731884
100.0
100.0
100.0
100.0
100.0
100.0
100.0
100.0
100.0
100.0
97.5085849689
98.8690566459
100.0
100.0
98.2812019692
86.9508013128
39.4772008752
44.0914672501
46.2909781667
49.7006521112
44.8237680741
54.3291787161
83.386119144
88.420746096
95.917164064
91.4647760427
56.1965173618
47.3076782412
49.7417854941
53.4545236628
67.6196824418
68.7097882946
54.6065255297
91.4343503531
91.8162335688
90.8574890458
93.2049926972
91.9033284648
89.1622189765
65.8481459844
41.4954306562
37.1802871042
42.7268580694
65.8279053796
62.0452702531
51.4901801687
35.1201201125
48.840080075
65.5033867167
65.7355911444
45.5637274296
41.0824849531
40.4116566354
54.2877710903
52.1885140602
46.1323427068
50.6515618045
56.5877078697
42.7484719131
40.7589812754
50.2259875169
45.3473250113
50.4715500075
35.867700005
34.6218000033
45.5212000022
46.8108000015
28.5905333343
42.6803555562
46.8902370375
67.9034913583
62.6323275722
65.2348850481
72.6132566988
65.2921711325
65.4114474217
22.0842982811
24.4328655207
51.7219103472
39.3746068981
53.7330712654
42.3987141769
27.6458094513
52.3972063009
75.4781375339
87.4287583559
89.7691722373
89.0194481582
85.1262987721
62.2108658481
53.0139105654
50.8792737103
44.0461824735
43.1874549823
49.0383033216
64.0122022144
77.0281348096
74.0354232064
79.6102821376
76.4868547584
34.4379031723
41.6152687815
41.033512521
40.3623416807
42.3448944538
60.8765963025
60.2010642017
64.5573761345
66.974917423
57.6566116153
54.6744077435
57.2529384957
51.3919589971
51.7479726648
56.3053151098
80.3335434066
45.4490289377
13.0026859585
56.181790639
62.2045270927
61.7563513951
54.3375675967
35.4750450645
35.3033633763
43.5455755842
59.0937170561
67.3491447041
75.0127631361
67.8985087574
64.2656725049
45.0537816699
40.93918778
74.74945852
93.11630568
90.6108704533
69.6072469689
42.5881646459
42.8987764306
39.6825176204
48.6483450803
81.4155633868
93.1170422579
96.1580281719
96.9320187813
91.3680125209
61.5153416806
37.0235611204
46.0890407469
45.8393604979
40.366240332
47.4474935546
60.7783290364
62.865552691
55.103701794
46.5224678626
38.5116452418
42.8177634945
45.2718423297
51.9845615531
82.2597077021
94.4531384681
96.002092312
92.2080615414
56.9587076942
37.8124717962
45.7316478641
46.4510985761
84.430732384
89.2471549227
84.0347699485
87.6131799656
88.6187866438
85.7258577625
89.3505718417
84.4537145611
53.3291430407
24.7427620272
26.0351746848
30.0867831232
44.5045220821
38.1296813881
36.2097875921
46.5898583947
78.1365722631
91.8310481754
88.5940321169
89.1793547446
86.7529031631
69.2386021087
50.1990680725
58.4027120483
66.5418080322
66.2978720215
69.431914681
70.8279431207
75.5719620804
71.404641387
62.423094258
49.705396172
65.433597448
62.235731632
72.6804877547
84.5803251698
77.6402167798
39.9301445199
34.9934296799
33.8056197866
37.7370798577
52.5980532385
74.108702159
86.162468106
81.281645404
99.1377636027
97.6418424018
90.5878949345
95.608596623
93.8590644153
95.7393762769
90.9662508513
89.8241672342
85.1294448228
87.7496298819
93.7064199212
95.5609466142
96.3172977428
94.0481984952
95.9254656635
94.2503104423
92.8402069615
92.946804641
95.2678697607
94.2752465071
92.7968310047
81.8578873365
51.011924891
33.9812832607
32.6475221738
40.9650147825
78.100009855
93.9533399033
91.8822266022
85.9981510682
55.6054340454
35.2269560303
26.6779706869
60.9986471246
78.8224314164
79.1749542776
72.7533028517
59.6222019012
51.3481346008
50.9620897338
51.3580598226
24.9087065484
55.8158043656
71.0272029104
87.3514686069
88.3609790713
84.4473193809
79.1382129206
57.7854752804
40.4436501869
64.1124334579
79.7049556386
76.0533037591
61.7388691727
48.8792461151
61.5161640768
42.7307760512
28.1405173675
82.4803449116
93.6402299411
91.9134866274
86.0189910849
79.31932739
63.55621826
53.63747884
49.98165256
42.5111017067
48.8007344711
66.7471563141
77.8314375427
80.4876250285
73.7750833523
55.8300555682
50.2167037121
43.9644691414
51.8229794276
43.6386529517
45.6124353012
45.2216235341
71.9410823561
84.9307215707
85.3371477138
88.5347651425
78.706510095
68.0676733967
47.6151155978
57.5200770652
50.5567180435
60.927812029
70.8985413526
53.5690275684
51.156018379
50.4140122526
44.6726748351
41.7084498901
59.81563326
58.2304221734
60.9236147822
53.8590765215
54.5793843477
62.4195895651
61.0230597101
65.22537314
70.58024876
70.3668325067
71.4345550045
61.2930366696
58.2253577798
54.3669051865
50.4612701243
24.4041800829
37.8327867219
78.715191148
99.860127432
98.323418288
95.0022788587
55.9381859058
41.9054572705
38.3736381803
45.5157587869
59.9438391913
75.8758927942
87.5039285295
92.7726190196
83.6817460131
63.7111640087
44.0974426725
55.4216284483
47.4477522989
74.4385015326
95.0290010217
96.2493340145
93.102889343
59.3419262287
26.6512841524
37.1575227683
47.6850151789
95.0100101192
100.0
100.0
94.7459289242
73.9106192828
37.0437461885
35.4191641257
33.5227760838
58.6118507225
83.6779004817
85.1119336545
97.6846224363
100.0
100.0
100.0
100.0
99.4365757941
97.6143838627
77.2495892418
31.2597261612
28.5098174408
46.1198782939
85.3099188626
100.0
100.0
50.9977537371
30.2785024914
31.1723349942
25.8982233295
33.198815553
72.222543702
93.578362468
81.7322416453
96.5014944302
100.0
100.0
94.7430353867
51.5820235912
53.2346823941
39.5031215961
46.672081064
42.871387376
35.517591584
35.685061056
32.8867073707
35.1411382471
40.2440921647
42.9027281098
49.8718187399
38.4478791599
34.0085861066
27.9723907377
84.2849271585
82.299951439
86.6466342927
83.4410895284
78.9307263523
86.8171509015
81.6647672677
87.0098448451
82.7632298967
92.6888199312
87.2658799541
86.2905866361
76.1770577574
56.3580385049
39.3620256699
46.2080171133
50.2553447422
48.5602298281
55.5434865521
46.1989910347
37.4459940232
75.8706626821
86.1971084547
78.9347389698
50.3431593132
30.7887728755
46.0258485837
34.5238990558
41.2559327038
42.7272884692
59.0281923128
52.2954615419
70.5303076946
61.5335384631
84.809025642
81.8126837614
54.2217891742
41.6978594495
41.4819062997
42.3612708664
33.8208472443
27.7605648295
38.0570432197
33.6980288131
41.0153525421
41.9835683614
19.0923789076
20.8682526051
15.5721684034
33.7114456022
72.3176304015
87.8550869343
84.6967246229
91.8344830819
94.639655388
92.0197702586
88.8365135058
78.3310090038
55.4940060026
39.549337335
58.1228915567
87.3685943711
92.8123962474
93.7982641649
92.10217611
85.67145074
71.4443004933
53.5428669955
32.348577997
62.3423853314
93.8349235542
100.0
100.0
98.7247921642
60.5765281095
54.9610187397
57.7940124931
38.5193416621
44.0662277747
38.9341518498
18.2494345665
68.306289711
100.0
100.0
100.0
73.5109954985
32.843996999
44.2859979993
44.5673319995
51.5648879997
41.8865919998
42.4510613332
45.3273742221
40.9615828148
67.2777218765
96.0818145843
100.0
97.6696953708
59.5731302472
36.9120868315
43.5847245543
47.4998163695
43.2865442464
49.5510294976
42.5006863317
47.6871242211
81.1347494808
87.3998329872
95.6398886581
87.2699257721
96.6066171814
74.2177447876
54.8951631917
51.3434421278
46.9056280852
38.6037520568
65.4625013712
72.4150009141
72.8800006094
66.2166670729
41.8044447153
25.4862964769
15.8341976512
34.5627984342
86.7785322894
91.4690215263
95.4793476842
89.3695651228
56.8163767485
45.437584499
53.6717229993
52.2478153329
50.3185435553
58.8890290368
50.9560193579
43.6773462386
46.4882308257
49.9621538838
49.5414359225
52.7209572817
48.5573048545
58.4182032363
84.5521354909
89.9714236606
93.5342824404
94.1161882936
84.4741255291
64.2994170194
67.3996113462
57.1997408975
63.839827265
70.7798848433
79.5332565622
90.0288377081
90.3692251388
87.6928167592
84.3518778395
82.431251893
66.8008345953
59.9672230635
67.9448153757
68.4098769171
82.3732512781
79.7221675187
74.6714450125
72.8976300083
67.5150866722
69.4100577815
65.1367051877
70.8544701251
68.7029800834
75.9653200556
77.8068800371
80.9845866914
84.1097244609
87.2598163073
82.5265442049
67.3110294699
58.2040196466
48.2460130977
54.7306753985
78.0971169323
89.5014112882
91.4176075255
77.7450716837
49.2900477891
30.8666985261
54.3811323507
87.1307549005
93.1438366003
93.4358910669
77.7005940446
49.4403960297
46.7669306865
44.6246204577
47.1630803051
60.6220535367
77.5047023578
85.9031349052
86.6720899368
69.1513932912
48.8275955275
42.3317303516
51.6344869011
76.3063246007
86.8642164005
85.7594776003
79.4563184002
73.3342122668
60.5328081779
59.7952054519
59.4501369679
51.200091312
55.483394208
65.8822628053
79.1681752035
82.3154501357
87.3169667571
93.7713111714
86.6575407809
67.1050271873
52.8966847915
61.4311231944
69.5674154629
85.1816103086
88.0110735391
83.5007156927
96.1438104618
100.0
100.0
100.0
100.0
95.4411190732
71.1274127154
52.2649418103
29.2366278735
42.4644185824
89.1296123882
100.0
100.0
99.3191444113
100.0
100.0
99.4353020478
100.0
91.105689799
62.6871265327
36.8947510218
52.1165006812
27.5443337875
55.436222525
88.0674816833
95.8816544555
98.577769637
85.975179758
73.4501198387
53.2500798925
55.243386595
52.7889243966
68.1792829311
70.6028552874
48.3819035249
92.8612690166
90.1241793444
91.7461195629
92.3040797086
92.7360531391
89.8640354261
67.372690284
49.305126856
40.623417904
39.545611936
56.0704079573
48.6636053049
49.1290702033
45.0693801355
50.809586757
50.253057838
62.9420385587
53.3780257058
47.2686838039
50.1557892026
52.160526135
49.5570174234
43.4313449489
53.3142299659
44.5228199773
38.1052133182
45.5868088788
44.7845392525
36.889692835
41.4097952233
40.1165301489
41.7176867659
46.298457844
42.0223052293
40.8682034862
59.1354689908
77.5269793272
70.2646528848
55.7897685899
43.1065123932
57.3810082622
61.4306721748
-6.87288521682
40.0480765221
30.5120510147
67.9647006765
80.9564671177
64.9709780784
41.9006520523
36.0871013682
28.2247342455
60.606489497
87.6976596647
91.5817731098
90.7878487398
87.8952324932
90.3434883288
73.9189922192
44.5293281461
41.6862187641
48.8508125094
50.5938750063
58.7125833375
64.2683888917
78.9755925944
74.2270617296
72.7480411531
34.5020274354
23.1880182903
29.5253455268
32.7435636846
35.0290424564
67.7593616376
63.7395744251
76.59638295
79.4575886334
64.9217257556
72.084483837
67.686322558
42.8108817054
-2.0160788631
38.5159474246
93.2472982831
95.974865522
100.0
94.9088291209
71.0058860806
39.2872573871
53.154838258
34.479892172
35.9699281147
20.1099520765
26.999968051
22.6266453673
24.8944302449
16.5162868299
72.2441912199
92.4527941466
95.2018627644
98.1412418429
100.0
100.0
98.9740716572
81.3260477714
24.337365181
28.1315767873
27.8010511915
39.8440341277
51.5060227518
92.2540151679
94.2626767786
96.8617845191
96.207856346
98.6385708974
74.4823805982
39.4515870655
42.444391377
35.506260918
50.0341739453
47.4261159636
79.0107439757
69.5638293171
54.3258862114
44.0272574743
38.3315049829
29.6110033219
47.1140022146
62.6693348097
86.0162232065
92.7174821377
90.0516547584
74.617769839
43.158513226
48.585675484
52.0904503227
84.3469668818
88.8213112545
89.864207503
84.1961383353
70.1340922236
63.462728149
70.8184854327
79.3523236218
85.6915490812
77.4876993875
46.7917995916
28.5211997278
25.1574664852
40.0716443234
45.1577628823
36.5985085882
50.6956723921
79.5971149281
85.6180766187
89.2387177458
84.3891451639
79.1594301093
56.2196200728
51.6264133819
57.7509422546
65.3772948364
70.8448632243
76.0132421495
79.8054947663
79.8369965109
65.9379976739
61.6419984493
43.6113322995
45.3775548663
71.4517032442
75.3811354962
89.5940903308
85.0993935538
61.6095957026
33.7130638017
29.1020425345
32.364695023
32.7231300153
50.2654200102
77.1036133401
84.8557422268
97.0338281512
94.7525521008
95.0917014005
96.511134267
95.2340895113
100.0
96.9229286717
93.4986191145
96.202412743
92.7949418287
93.8266278858
96.0610852572
94.2807235048
97.6004823365
96.5703215577
98.2868810385
96.624587359
96.0130582393
94.4887054929
93.7891369953
80.3560913302
52.0273942201
40.2749294801
44.0866196534
54.5410797689
80.7107198459
88.9104798973
89.6836532649
84.8657688432
48.6671792288
4.92145281922
29.4743018795
34.6595345863
69.7196897242
94.5697931495
94.2698620997
85.3165747331
68.8210498221
42.0206998814
46.9337999209
44.9258666139
34.1405777426
51.0637184951
71.4358123301
87.3238748867
88.3425832578
84.4350555052
71.2300370035
56.7666913356
60.0811275571
65.6607517047
78.3238344698
64.6892229799
57.2628153199
51.4485435466
61.0590290311
61.5660193541
53.557346236
77.8715641574
88.6210427716
91.4140285144
67.4126856763
49.1951237842
41.6667491894
50.9844994596
55.0663329731
67.0642219821
70.0994813214
77.2763208809
78.6908805873
57.6772537249
51.6381691499
50.2454460999
44.3536307333
55.4490871555
48.729391437
52.3329276247
51.9819517498
47.2479678332
72.8719785555
87.5179857036
90.1119904691
88.3979936461
81.3453290974
69.6568860649
55.5879240433
60.2819493622
49.8746329081
47.8664219387
61.7776146258
64.3217430839
38.9011620559
50.400774704
46.777183136
53.151455424
65.984303616
56.4128690773
52.7285793849
61.0123862566
54.8115908377
51.4110605585
56.380707039
60.6338046927
69.8092031284
76.396135419
79.4174236126
61.4682824084
66.318854939
62.679236626
50.1861577506
25.6707718338
35.7238478892
41.1992319261
66.3294879507
92.0229919672
95.4553279781
93.9735519854
65.8657013236
41.6704675491
40.7836450327
48.5924300218
55.1016200145
77.1777466764
91.3784977842
93.2889985228
86.1126656819
56.5317771213
51.8511847475
54.8007898317
56.2638598878
73.1092399252
90.6461599501
87.2874399667
84.2882933112
59.7455288741
37.2603525827
36.8535683885
61.1690455923
94.9326970616
100.0
97.6889764718
88.8759843145
68.833989543
41.2126596953
29.3317731302
61.4978487535
80.1252325023
86.5701550016
96.9834366677
100.0
100.0
100.0
100.0
100.0
95.1456515044
78.2637676696
29.5925117797
27.8350078532
31.9133385688
94.9688923792
100.0
100.0
100.0
47.2585466428
31.2856977619
25.9537985079
36.7725323386
78.2650215591
92.123347706
96.5688984707
68.9125989805
94.745065987
100.0
98.2433626609
60.4189084406
31.0959389604
42.7939593069
47.6593062046
48.0128708031
32.6119138687
43.0279425791
27.6119617194
32.5046411463
39.6697607642
45.2331738428
46.4554492285
50.533632819
38.6057552127
35.7538368085
35.079224539
84.6828163593
83.3118775729
83.6379183819
79.8786122546
86.3424081697
79.8882721132
86.9921814088
81.8414542725
95.0276361817
86.2250907878
84.7800605252
75.4867070168
57.9411380112
40.7707586741
35.8305057828
51.8303371885
48.246891459
55.394594306
45.3097295373
40.5964863582
81.1076575721
87.4251050481
76.6367366987
42.7811577992
40.0907718661
46.0005145774
36.1636763849
43.6124509233
37.1383006155
54.0355337437
68.4303558291
58.9302372194
72.0634914796
68.2489943197
80.7893295465
76.209553031
41.423035354
49.7120235693
36.6046823796
39.4064549197
39.4143032798
32.6962021865
36.894134791
34.7160898607
34.7307265738
26.7204843825
16.943656255
26.88910417
28.10940278
49.2229351867
81.6986234578
78.3057489719
90.8504993146
93.296999543
59.2579996954
29.2319997969
59.5146665313
100.0
100.0
98.9658271204
100.0
100.0
100.0
92.9385584435
54.9190389624
59.0593593082
59.2329062055
55.1419374703
39.8579583136
40.511972209
39.0179814727
32.2853209818
18.1835473212
27.4923648808
83.8715765872
100.0
100.0
100.0
73.7305583382
43.1403722255
46.726914817
49.3812765447
51.5141843631
47.7427895754
48.5918597169
42.0145731446
50.2563820964
65.2375880643
91.8083920429
91.0955946952
78.7070631302
40.9247087534
41.513139169
43.0254261126
50.7936174084
49.735744939
62.330496626
70.8736644173
72.8991096115
75.5894064077
77.3929376051
84.7186250701
71.8324167134
62.8449444756
57.1566296504
52.5110864336
65.8640576224
66.0693717483
68.4295811655
69.9530541103
75.5120360736
68.1446907157
54.6831271438
49.3487514292
38.3191676195
22.852778413
32.058518942
49.539012628
84.1926750853
86.6417833902
93.8545222601
92.7763481734
58.9442321156
39.8161547437
55.7674364958
53.6382909972
51.7788606648
50.9159071099
53.1739380733
54.4492920488
48.7828613659
57.1085742439
50.8757161626
44.2938107751
54.2158738501
61.9805825667
73.3103883778
84.6235922519
91.4257281679
92.4004854453
87.4769902968
70.9579935312
57.3486623542
68.3091082361
62.1527388241
77.3384925494
78.3889950329
89.5393300219
89.7762200146
83.8708133431
82.2905422287
79.3470281525
77.1680187683
66.9553458455
69.1302305637
64.6834870425
74.2356580283
82.7837720189
72.7225146792
72.1550097862
65.1133398574
66.3388932383
67.6125954922
70.5150636615
75.7667091076
73.0544727384
81.316315159
84.7608767726
86.3205845151
79.3837230101
78.5491486734
71.5094324489
59.3062882993
60.7541921995
67.286128133
82.2507520887
81.8905013924
80.6870009283
51.0913339522
42.3475559681
54.2550373121
82.6233582081
92.118905472
88.8192703147
72.4728468765
39.4085645843
49.6123763895
59.7915842597
90.0277228398
91.7018152265
78.871210151
52.8841401007
47.8460934005
47.6373956003
50.9082637335
60.4421758224
70.5747838816
78.6331892544
80.0087928363
73.3091952242
63.9427968161
64.7418645441
57.3845763627
65.6297175751
67.1231450501
70.9187633667
66.7625089112
64.0483392741
65.8522261827
75.9181507885
75.165433859
80.1836225727
91.8790817151
80.2260544767
59.4040363178
55.4860242119
59.2273494746
78.1348996497
85.9365997665
87.2177331777
100.0
100.0
99.5178468675
100.0
100.0
98.7401027755
89.1034018504
46.3322679002
30.1615119335
52.2010079557
98.8906719704
100.0
99.5380764313
100.0
100.0
100.0
99.5950521346
90.4300347564
65.0700231709
43.7833487806
38.2088991871
33.4692661247
79.3561774165
89.4507849443
90.0105232962
99.5703488641
91.6868992428
85.0245994952
60.5363996634
55.9575997756
50.1217331838
58.5244887892
58.0796591928
47.5897727952
87.7398485301
92.4598990201
88.8232660134
92.2855106756
94.1236737837
91.2024491892
76.6982994594
45.4821996396
27.6981330931
31.1254220621
43.0069480414
55.4712986942
55.8808657962
50.5372438641
59.0781625761
57.7287750507
71.4425167005
53.228344467
49.4088963113
41.7259308742
50.7072872495
50.4681914997
51.9654609998
42.3769739998
50.2146493332
51.8397662222
43.0231774814
33.472118321
35.6080788806
41.4053859204
36.7735906136
37.0823937424
44.8882624949
43.4688416633
44.4958944422
39.0072629615
51.341508641
77.254339094
79.5462260627
56.4974840418
56.5616560278
54.9744373519
61.2229582346
-4.1780278436
37.6646481043
39.5430987362
72.9187324908
83.2058216605
68.3005477737
23.0070318491
40.8913545661
47.4042363774
69.3194909183
87.4229939455
87.4386626303
85.9957750869
69.4638500579
61.6159000386
46.2639333591
40.6559555727
43.5439703818
41.0759802545
62.9573201697
83.2115467798
86.8010311865
88.954020791
87.2126805273
45.2617870182
36.7645246788
24.7596831192
45.1464554128
30.8209702752
52.1206468501
33.6637645668
63.6091763778
77.9027842519
86.8218561679
86.237904112
83.2019360746
39.7946240498
-6.54691730016
22.0187217999
74.1224811999
96.2816541333
98.6411027555
99.1307351703
85.2704901136
42.8136600757
51.5657733838
46.7971822559
33.7314548372
28.5843032248
35.3862021499
15.2908014333
2.21386762217
19.1459117481
29.7439411654
76.1359607769
94.3539738513
91.9793159009
99.2962106006
100.0
99.0472047114
95.1314698076
59.4409798717
35.2606532478
19.6237688319
32.0491792212
36.0594528142
88.7463018761
94.1642012507
96.4361341672
99.0840894448
97.4327262965
97.411817531
89.1112116873
46.4841411249
34.4794274166
36.6296182777
33.5930788518
32.1253859012
28.4502572675
55.923504845
88.3423365633
86.3882243755
60.865482917
43.933655278
42.0291035187
48.7027356791
57.9318237861
82.3212158574
93.3341439049
87.7327626033
70.0818417355
45.824561157
44.3030407713
66.5520271809
86.3480181206
81.0020120804
78.8746747203
77.9097831468
78.9831887646
82.1554591764
82.7869727842
68.6446485228
39.7564323486
27.3642882324
29.6928588216
44.2152392144
40.8301594763
48.0501063175
74.3534042117
87.6056028078
80.2870685385
81.7980456923
78.3153637949
56.0002425299
41.1501616866
58.3501077911
76.0567385274
87.1778256849
76.4885504566
80.2757003044
70.7904668696
69.2769779131
55.0779852754
33.8119901836
47.5279934557
76.4686623038
83.4524415359
85.0282943573
88.7921962382
66.9681308254
38.182087217
33.741391478
29.1575943187
38.8083962124
53.1589308083
73.9592872055
84.542858137
79.7885720913
99.1890480609
99.1360320406
93.5773546937
96.1782364625
93.105490975
94.3003273167
89.5335515444
82.8057010296
84.7904673531
85.9869782354
89.6879854903
97.2586569935
95.1924379957
97.1616253304
97.9777502203
97.2685001469
94.2790000979
94.5593333986
93.7162222657
96.1074815105
94.3116543403
88.9311028936
73.507401929
45.241601286
40.461067524
35.7707116827
43.7704744551
83.4669829701
93.6879886467
92.9153257645
84.5235505097
33.7290336731
15.5260224487
27.6140149658
29.1926766439
62.1984510959
86.2789673973
87.4493115982
85.3595410655
84.8996940436
71.2997960291
40.2231973527
51.8221315685
45.354754379
47.633169586
60.4721130573
70.3547420382
75.3264946921
83.2976631281
84.7784420854
81.2489613903
78.7726409268
45.9750939512
53.9000626342
54.9500417561
56.6900278374
52.3300185583
24.8700123722
70.9200082481
92.9233388321
91.7022258881
86.548150592
71.1887670614
53.7591780409
52.5094520273
50.4063013515
66.5808675677
67.3639117118
79.2459411412
76.2272940941
60.2748627294
49.8599084863
59.0966056575
46.877737105
52.2984914033
50.7823276022
40.4448850682
39.4965900454
47.9410600303
66.7840400202
79.6426933468
89.4851288979
87.9634192652
82.5756128435
66.1504085623
47.0136057082
54.4224038055
48.3949358703
52.3066239135
59.5377492757
59.6151661838
47.8334441225
57.4789627484
45.5326418322
52.7150945548
61.4767297032
56.0578198021
52.7152132014
59.3634754676
37.4989836451
51.7926557634
59.8484371756
70.2389581171
76.8293054114
78.3928702742
73.2785801828
69.3323867886
68.9915911924
39.7577274616
41.0018183077
29.1345455385
33.2796970257
70.9964646838
96.2976431225
97.475095415
93.93006361
67.5967090733
48.7678060489
29.3252040326
48.0801360217
58.2467573478
83.9311715652
92.4507810435
91.0071873623
83.3014582415
50.490972161
45.9306481074
47.1404320716
77.8402880477
87.7335253651
84.2356835768
83.6171223845
65.961414923
58.0076099487
39.3650732991
59.1767155327
83.8044770218
97.6296513479
98.7997675653
69.5931783768
55.8187855846
43.9658570564
50.4572380376
74.4381586917
80.9287724611
81.5491816408
85.1994544272
89.3096362848
100.0
99.812060571
98.2180403807
90.8253602538
70.2202401692
35.2934934461
23.0023289641
67.5782193094
100.0
100.0
100.0
93.915327271
51.3902181807
37.3068121204
31.0712080803
34.2108053869
29.7472035912
30.9848023942
88.0732015961
82.0888010641
100.0
91.103911584
93.8326077227
98.9684051485
100.0
99.018180066
60.9354533773
46.4503022515
50.6368681677
42.8712454451
43.4508302968
46.7238868645
50.7892579097
29.7595052731
39.9563368487
28.5075578992
37.8083719328
38.3922479552
43.8048319701
24.4898879801
18.9232586534
38.7721724356
70.8514482904
83.6642988603
87.6528659068
78.2652439379
90.9501626253
80.1901084168
87.7600722779
82.6200481853
96.6033654568
86.1689103046
91.9726068697
82.9317379131
72.6211586088
53.5041057392
39.4927371594
48.4251581063
54.7234387375
53.7489591584
36.3193061056
38.322870737
71.725247158
83.190164772
81.3334431813
64.9622954542
41.4815303028
37.6443535352
41.1995690235
43.3930460157
38.0820306771
42.2313537847
66.2109025232
56.5139350154
83.0226233436
73.5284155624
81.2722770416
76.4281846944
36.8887897963
42.2891931975
41.8694621317
42.7663080878
37.5175387252
35.2683591501
30.4189061001
21.8159374001
32.4072916
26.4848610667
20.4965740445
22.391049363
22.007366242
59.0015774947
85.4777183298
82.7851455532
96.2267637021
92.3678424681
97.5618949787
96.2279299858
92.8552866572
83.1335244381
47.5956829588
39.6871219725
51.088081315
92.6087208767
94.6358139178
95.2038759452
94.4225839635
84.008389309
78.7922595393
61.7615063595
36.6910042397
54.4973361598
85.3182241065
100.0
100.0
92.2357701056
57.6971800704
57.2647867136
59.7098578091
54.0265718727
41.3377145818
41.8518097212
34.1245398141
13.6830265428
48.6520176952
98.2513451301
100.0
100.0
99.1674355941
55.2482903961
43.118860264
41.699240176
56.5194934507
50.6629956338
42.1853304225
52.1302202817
34.5101468545
43.6334312363
71.0622874909
95.8081916606
83.5721277737
53.2314185158
53.7109456772
48.5806304515
42.950420301
50.8202802007
64.8235201338
70.7856800892
76.1804533928
78.6036355952
83.6290903968
71.8093935979
64.3495957319
58.5730638213
56.3587092142
64.8424728095
67.8516485396
69.1810990264
66.8307326843
61.6038217895
50.9625478597
53.1950319065
43.9866879376
50.7044586251
43.5363057501
43.1142038334
71.3761358889
74.6874239259
89.1916159506
85.6210773004
53.4740515336
54.7227010224
50.2518006816
58.7578671211
52.971911414
52.4846076094
48.4330717396
52.5387144931
48.8991429954
51.4760953302
48.0440635535
45.8993757023
52.2995838016
65.1497225344
83.2398150229
91.0098766819
85.6832511213
90.0355007475
83.073667165
67.3324447767
44.8482965178
57.1588643452
80.6792428968
80.1128285979
89.9685523986
91.2390349324
89.2693566216
86.6662377477
80.7641584985
63.8761056657
61.8107371104
66.9771580736
70.8381053824
73.4920702549
82.7680468366
81.4020312244
73.8946874829
65.9731249886
66.5087499924
63.8358333283
70.1238888855
72.629259257
71.656172838
76.570781892
73.917187928
82.1581252853
80.8487501902
90.6391667935
82.9961111957
74.3907407971
58.5238271981
57.8958847987
50.2739231991
62.9626154661
83.6684103107
92.3689402072
85.1559601381
63.4673067587
22.7248711725
31.6432474483
69.9721649656
100.0
100.0
97.9632340639
62.8688227092
42.3058818062
47.2872545374
52.211503025
51.1276686833
65.1051124555
78.1434083037
79.7856055358
73.1004036905
52.7436024604
44.1124016402
56.1716010935
80.7510673957
89.8473782638
86.5649188425
70.169945895
60.7732972633
56.6155315089
59.6636876726
61.3724584484
60.2116389656
67.3110926437
65.9440617625
70.896041175
79.3273607833
86.0015738556
93.761049237
85.7406994914
62.3371329942
53.9480886628
54.8687257752
77.0291505168
89.1661003445
85.3374002297
100.0
100.0
100.0
100.0
99.3190403595
73.8960269063
54.4473512709
55.2515675139
87.3477116759
99.2551411173
97.8400940782
100.0
96.4833751459
77.5255834306
59.3003889537
54.7035926358
47.1123950905
46.091596727
82.584397818
76.276265212
93.024176808
92.2827845387
100.0
86.5723486839
68.3782324559
52.3721549706
49.0847699804
51.6498466536
56.2565644357
54.6943762905
65.7162508603
89.3275005736
87.8250003824
92.6333335882
92.9222223922
94.2048149281
93.6865432854
86.8743621903
70.9329081268
34.8852720846
29.1101813897
43.2834542598
53.6889695065
41.3726463377
46.2384308918
62.3156205945
65.033747063
73.0891647087
50.8061098058
43.4040732039
52.4793821359
49.8129214239
47.491947616
53.104631744
47.8430878293
60.8953918862
34.6235945908
35.1557297272
37.1271531515
39.7314354343
35.3642902895
34.8195268597
37.1096845731
43.9364563821
43.4176375881
34.921758392
41.9945055947
39.0130037298
51.8953358199
70.7202238799
79.1268159199
80.0212106133
85.4941404089
74.6427602726
28.535173515
43.8067823434
43.2178548956
48.0885699304
33.9423799536
35.6382533024
22.5255022016
33.4470014677
24.2846676452
55.5997784301
82.3565189534
92.0110126356
91.7106750904
88.9837833936
92.3925222624
83.1350148416
64.3933432277
55.4922288185
45.371485879
48.5876572527
56.3084381684
61.598958779
73.7593058526
81.7028705684
78.3819137123
36.5012758082
34.3108505388
43.1739003592
36.9226002395
43.2950668263
59.1067112175
63.4078074784
63.4518716522
56.7912477682
53.6508318454
49.193887897
54.9525919313
53.5583946209
40.2022630806
64.0648420537
88.1065613691
83.4643742461
45.9729161641
47.7419441094
56.6279627396
55.4319751597
28.4946501065
31.9497667377
42.1065111584
53.471007439
78.6240049593
81.0526699729
64.3551133152
54.5067422102
53.7911614734
46.4707743156
57.7805162104
81.1036774736
92.0491183157
82.3927455438
45.9951636959
38.7401091306
41.7667394204
65.1611596136
76.3441064091
87.592737606
84.9918250707
88.2778833805
93.2785889203
82.2323926135
51.794928409
38.1966189394
36.0277459596
49.3518306397
72.0445537598
88.3397025065
91.5964683377
78.0109788918
40.2539859279
31.3193239519
27.9528826346
28.7219217564
45.2079478376
50.5952985584
62.1068657056
80.5312438037
92.3541625358
88.3927750239
88.8385166826
61.7690111217
34.8493407478
44.2862271652
67.8041514435
89.1161009623
85.3740673082
87.2193782055
78.206252137
80.8375014247
79.9150009498
80.7933339665
52.2955559777
17.2270373185
30.9546915456
38.8064610304
41.3076406869
62.9584271246
74.7889514164
79.9693009443
80.3595339629
65.2396893086
68.406459539
63.410973026
58.170648684
57.610432456
66.090288304
66.0568588693
79.5412392462
75.5141594975
70.6527729983
63.3551819989
61.5334546659
67.7889697773
60.7926465182
52.5850976788
72.8000651192
76.5633767461
70.9589178308
76.4659452205
67.5272968137
44.6448645424
32.009909695
34.6566064633
41.4910709755
49.874047317
72.7626982114
83.0917988076
81.4478658717
98.2185772478
96.8223848319
90.5649232212
93.9532821475
94.7121880983
95.6047920656
92.5165280437
85.7410186958
87.8140124639
89.0693416426
88.0695610951
96.0063740634
95.4042493756
96.3928329171
98.838555278
94.829036852
93.6726912347
92.9784608231
94.5589738821
85.6959825881
68.943988392
60.4693255947
52.5995503965
51.676366931
55.7842446206
71.5528297471
82.8152198314
86.9901465543
63.5334310362
33.3656206908
8.51041379386
35.3836091959
81.7790727973
94.5293818648
95.3495879099
82.3530586066
65.2887057377
42.3424704918
50.7983136612
52.4855424408
45.4970282939
45.7446855292
47.0097903528
57.7465269019
70.2876846013
72.7317897342
74.6278598228
77.3352398819
77.5101599212
77.8067732808
74.8445155205
72.043010347
48.5686735647
59.6591157098
45.6127438065
47.0918292044
39.4245528029
34.8830352019
84.5853568013
91.6702378675
92.006825245
91.49121683
91.5241445533
84.1094297022
62.8196198015
43.0297465343
39.1664976895
60.5909984597
64.5006656398
59.3804437599
70.2169625066
70.2879750044
41.3019833363
44.4113222242
50.7908814828
51.4339209885
46.4959473257
44.4539648838
68.1826432559
79.7517621706
87.247841447
86.641894298
80.3112628654
62.3208419102
62.2072279402
52.3781519601
45.5954346401
57.4536230934
71.0790820623
60.4993880415
54.4762586943
46.3008391296
48.3072260864
44.6581507242
48.6287671495
44.1691780997
49.9427853998
64.4185235999
53.9256823999
64.5504549333
68.6536366222
67.8190910815
65.836060721
66.2040404806
69.4293603204
70.0362402136
70.0974934757
48.0783289838
51.3122193226
32.4514795484
31.8343196989
29.6295464659
64.7563643106
100.0
97.2828285825
49.6985523883
33.7057015922
36.0104677281
33.2403118188
69.0202078792
100.0
100.0
100.0
100.0
63.262373054
-4.4117512973
26.6521658018
99.5481105345
100.0
100.0
100.0
100.0
100.0
29.5769534626
33.2146356417
30.5997570945
18.989838063
30.6232253753
57.2888169169
91.3058779446
100.0
99.4270568643
95.2747045762
88.5698030508
38.1632020339
47.4054680226
50.3236453484
42.8690968989
47.6660645993
42.1440430662
35.2126953775
26.7917969183
38.1145312789
50.2663541859
43.7609027906
38.2072685271
30.8515123514
59.7410082343
81.1006721562
87.9004481041
86.0302987361
79.2335324907
89.0456883271
86.2004588848
82.7636392565
84.7890928377
78.3527285584
76.4784857056
57.5389904704
46.0926603136
47.1451068757
44.7234045838
45.1256030559
52.5904020373
58.9036013582
76.6324009054
66.094933937
54.019955958
69.3866373053
77.5910915369
53.4407276913
46.0804851275
26.6236567517
39.3657711678
43.9305141119
36.8870094079
53.9280062719
84.158670848
62.4891138986
80.0360759324
71.2507172883
86.5871448589
74.6514299059
42.7609532706
28.5706355137
39.1104236758
44.4036157839
42.6724105226
38.6916070151
34.9444046767
24.7929364511
15.8286243008
34.2424162005
28.4316108003
24.1144072002
31.5462714668
16.6708476445
34.3838984297
51.8225989531
90.9983993021
89.5955995347
72.9670663565
84.8380442377
88.3220294918
84.4980196612
69.3653464408
52.4735642939
61.3290428626
68.7093619084
85.1929079389
96.6486052926
94.6924035284
79.7149356856
61.5266237904
66.7344158603
68.9496105735
72.3430737157
82.1987158105
80.6958105403
76.3172070269
69.7281380179
59.1654253453
74.7602835635
89.8235223757
91.9156815838
77.2271210559
70.0680807039
59.5120538026
59.9813692017
46.0242461345
37.1561640897
26.9541093931
19.1160729287
88.4640486192
100.0
100.0
100.0
72.0878367643
36.3418911762
52.8545941175
47.263062745
42.9987084966
41.2524723311
45.6949815541
48.1966543694
26.5611029129
47.0874019419
80.7016012946
100.0
94.4040450198
77.1960300132
52.4440200088
39.3260133392
49.8940088928
49.0060059285
50.980670619
60.877113746
56.121409164
74.0276061093
76.7817374062
90.4511582708
74.9374388472
70.3782925648
64.5455283765
51.4136855844
54.4657903896
70.3205269264
70.4003512843
74.4969008562
61.7912672374
55.8441781583
44.3194521055
37.7363014037
20.3175342691
39.9583561794
82.7622374529
92.918158302
86.0821055346
92.5347370231
69.8864913487
38.8843275658
48.0862183772
54.3508122515
57.9738748343
54.3292498895
50.6428332597
47.7018888398
54.0945925599
44.7597283732
48.5931522488
51.3154348326
51.826956555
51.0346377034
53.5197584689
62.8465056459
86.7343370973
99.5162247315
98.6074831544
98.0849887696
89.3633258464
73.8388838976
56.8492559317
47.4095039545
52.849669303
74.5231128687
93.8054085791
87.9102723861
94.6301815907
90.7167877271
95.3945251514
84.236350101
65.5142334006
41.4961556004
38.7007704003
55.2138469335
79.949231289
77.1361541927
77.0941027951
77.5894018634
77.8596012423
74.8797341615
74.436489441
72.114326294
77.7862175293
74.1441450196
82.369430013
83.3596200087
79.5030800058
77.5987200039
60.3991466692
54.4760977795
61.5673985197
84.2049323464
90.2366215643
84.6944143762
69.0929429175
39.711961945
40.8246412967
61.1397608644
89.6831739096
98.6421159397
95.6280772932
72.3020515288
49.3147010192
45.2664673461
54.2109782307
59.8639854872
63.8426569914
68.275104661
70.460069774
62.6267131827
72.8978087884
61.085205859
61.306803906
58.0378692706
72.3519128471
79.8446085647
82.6630723765
72.5987149177
61.0724766118
53.2516510745
65.3444340497
66.3662893665
66.1975262443
66.2650174962
69.4700116641
62.9533411094
50.8755607396
61.9470404931
88.4346936621
99.8864624414
93.3843082942
82.0962055295
67.6241370197
56.8327580131
67.4585053421
80.2790035614
