98.835
96.7666666667
91.2577777778
94.6218518519
97.7945679012
63.7863786008
53.0075857339
56.3183904893
56.7522603262
49.7948402174
53.1032268116
39.0654845411
34.3336563607
32.6624375738
33.0849583825
38.9833055884
37.5188703922
38.3959135948
35.9672757299
37.7381838199
35.2021225466
42.4914150311
41.1309433541
33.4472955694
35.6781970462
41.7187980308
53.0491986872
100.0
95.9085327499
93.7090218333
90.2993478888
95.1762319259
85.6708212839
56.613880856
51.579253904
44.082835936
48.5352239573
83.8034826382
92.6923217588
90.2582145059
86.5454763372
72.3803175582
71.2902117054
85.3934744703
48.5656496469
48.1837664312
49.1425109542
46.7950073028
48.0966715352
50.8377810235
74.1518540156
98.5045693438
100.0
97.2731419306
74.1720946204
77.9547297469
88.5098198313
100.0
91.159919925
74.4966132833
74.2644088556
94.4362725704
98.9175150469
99.5883433646
85.7122289097
87.8114859398
93.8676572932
89.3484381955
83.4122921303
97.2515280869
99.2410187246
89.7740124831
94.6526749887
89.5284499925
100.0
100.0
94.4787999978
93.1891999985
100.0
97.3196444438
93.1097629625
72.0965086417
77.3676724278
74.7651149519
67.3867433012
74.7078288675
74.5885525783
100.0
100.0
88.2780896528
100.0
86.2669287346
97.6012858231
100.0
87.6027936991
64.5218624661
52.5712416441
50.2308277627
50.9805518418
54.8737012279
77.7891341519
86.9860894346
89.1207262897
95.9538175265
96.8125450177
90.9616966784
75.9877977856
62.9718651904
65.9645767936
60.3897178624
63.5131452416
100.0
98.3847312185
98.966487479
99.6376583193
97.6551055462
79.1234036975
79.7989357983
75.4426238655
73.025082577
82.3433883847
85.3255922565
82.7470615043
88.6080410029
88.2520273352
83.6946848902
59.6664565934
94.5509710623
100.0
83.818209361
77.7954729073
78.2436486049
85.6624324033
100.0
100.0
96.4544244158
80.9062829439
72.6508552959
64.9872368639
72.1014912426
75.7343274951
94.9462183301
99.06081222
65.25054148
46.88369432
49.3891295467
70.3927530311
97.4118353541
97.1012235694
100.0
91.3516549197
58.5844366132
46.8829577421
43.8419718281
43.0679812187
48.6319874791
78.4846583194
100.0
93.9109592531
94.1606395021
99.633759668
92.5525064454
79.2216709636
77.134447309
84.896298206
93.4775321374
100.0
97.1822365055
94.7281576703
88.0154384469
57.7402922979
45.5468615319
43.997907688
47.7919384586
83.0412923058
100.0
94.2683521359
93.5489014239
55.569267616
50.7528450773
55.9652300515
52.3868200344
51.3812133562
54.2741422375
50.6494281583
55.5462854389
86.6708569593
100.0
100.0
100.0
95.4954779179
100.0
100.0
93.4101416053
61.8634277369
48.1689518246
51.4059678831
50.8206452554
53.2470968369
70.7613978913
89.8009319275
81.5972879517
73.4581919678
73.7021279785
70.568085319
69.1720568793
64.4280379196
68.595358613
77.576905742
90.294603828
74.566402552
77.764268368
67.3195122453
55.4196748302
62.3597832202
100.0
100.0
100.0
100.0
87.4019467615
65.891297841
53.837531894
58.718354596
40.8622363973
42.3581575982
49.4121050655
44.391403377
46.1409355847
44.2606237231
49.0337491487
50.1758327658
54.8705551772
52.2503701181
46.2935800788
44.4390533858
43.6827022572
45.9518015048
44.0745343365
45.7496895577
47.1597930385
47.053195359
44.7321302393
45.7247534929
47.2031689953
58.1421126635
88.988075109
100.0
100.0
99.0349852175
61.899990145
46.0466600967
48.1177733978
54.0018489318
84.3945659546
100.0
100.0
79.0013528754
61.1775685836
60.8250457224
67.2466971483
80.3777980988
88.6518653992
89.0379102662
88.6419401774
100.0
84.1841956344
68.9727970896
52.6485313931
51.6390209287
55.5526806191
60.8617870794
82.2145247196
99.5563498131
75.8875665421
60.2950443614
63.9466962409
78.2611308273
91.1207538849
78.4838359232
97.2692239488
100.0
57.5196550884
46.3597700589
48.0865133726
53.9810089151
60.68067261
76.44378174
86.36252116
90.01834744
97.4888982933
91.1992655289
73.2528436859
62.1685624573
59.5123749715
66.2249166477
84.1699444318
89.7832962879
96.0355308586
88.1770205724
96.3613470483
94.3875646988
94.7783764659
68.0589176439
55.0692784293
54.6628522862
51.4652348575
61.293489905
71.9323266033
92.3848844022
82.4799229348
89.4432819565
79.072187971
69.1014586474
86.4309724316
88.843981621
89.5859877474
95.3273251649
98.2915501099
80.18436674
81.7695778266
79.0763852178
86.1409234785
85.4206156523
77.5804104349
78.9769402899
74.77462686
69.41975124
69.6331674933
68.5654449955
78.7069633304
81.7746422202
85.6330948135
89.5387298757
100.0
100.0
61.284808852
40.139872568
41.676581712
44.9977211413
84.0618140942
98.0945427295
100.0
94.4842412131
80.0561608087
64.1241072058
52.4960714705
47.2273809804
56.3182539869
76.2888359913
95.9025573275
84.5783715517
92.5522477011
65.5614984674
44.9709989783
43.7506659855
46.897110657
80.6580737713
100.0
100.0
92.3149848211
44.9899898808
36.0066599205
38.7911066137
45.2540710758
66.0893807172
100.0
100.0
100.0
81.3881492775
56.3220995183
54.8880663455
42.3153775637
37.7035850425
37.229056695
37.3427044633
36.0451363089
40.5634242059
42.3856161373
62.7504107582
100.0
100.0
93.8801217061
54.6900811374
39.0800540916
37.9133693944
89.0022462629
100.0
100.0
100.0
100.0
67.777456298
46.421637532
58.2677583547
43.4985055698
38.2956703799
37.1604469199
45.2569646133
88.4179764088
86.7653176059
100.0
93.327918936
97.128612624
100.0
100.0
100.0
100.0
99.7559078353
97.0972718902
90.1281812601
100.0
100.0
100.0
55.7150728415
57.700048561
53.3533657073
56.5589104716
61.0692736477
53.1828490985
58.3352327323
52.9901551549
57.2367701033
47.3111800688
52.7341200459
53.7094133639
63.8229422426
83.6419614951
100.0
93.7919828867
89.7446552578
91.4397701719
84.4565134479
93.8010089653
100.0
64.1293373179
53.8028915453
61.0652610302
89.6568406868
100.0
93.9741514163
100.0
98.7440672962
97.2727115308
80.9718076872
87.7045384581
69.4696923054
78.4664615369
55.190974358
58.1873162386
85.7782108258
98.3021405505
98.5180937003
97.6387291336
100.0
100.0
100.0
100.0
98.9846474579
98.0164316386
100.0
100.0
100.0
100.0
67.6823695985
52.1449130657
55.3032753771
48.1655169181
45.360344612
47.9802297414
51.1634864942
61.6689909962
84.5059939974
100.0
81.8771084433
52.6314056289
47.1876037526
46.2017358351
47.89782389
54.32854926
68.5556995067
86.4571330045
100.0
77.6576146686
46.1650764458
33.6067176305
33.6778117537
41.2752078358
79.4234718905
85.0389812603
82.2059875069
100.0
95.9337722253
100.0
100.0
71.693710289
38.1291401926
36.8727601284
38.6485067523
66.4890045015
100.0
95.7140020007
95.4326680005
88.4351120003
98.1134080002
97.5489386668
94.6726257779
99.0384171852
72.7222781235
43.9181854157
38.3754569438
42.3303046292
80.4268697528
100.0
96.4152754457
92.5001836305
96.7134557536
90.4489705024
97.4993136683
92.3128757789
58.8652505192
52.6001670128
44.3601113419
52.7300742279
43.3933828186
65.7822552124
85.1048368083
88.6565578722
93.0943719148
100.0
74.5374986288
67.5849990859
67.1199993906
73.7833329271
98.1955552847
100.0
100.0
100.0
53.2214677106
48.5309784737
44.5206523158
50.6304348772
83.1836232515
94.562415501
86.3282770007
87.7521846671
89.6814564447
81.1109709632
89.0439806421
96.3226537614
93.5117691743
90.0378461162
90.4585640775
87.2790427183
91.4426951455
81.5817967637
55.4478645091
50.0285763394
46.4657175596
45.8838117064
55.5258744709
75.7005829806
72.6003886538
82.8002591025
76.160172735
69.2201151567
60.4667434378
49.9711622919
49.6307748612
52.3071832408
55.6481221605
57.568748107
73.1991654047
80.0327769365
72.0551846243
71.5901230829
57.6267487219
60.2778324813
65.3285549875
67.1023699917
72.4849133278
70.5899422185
74.8632948123
69.1455298749
71.2970199166
64.0346799444
62.1931199629
59.0154133086
55.8902755391
52.7401836927
57.4734557951
72.6889705301
81.7959803534
91.7539869023
85.2693246015
61.9028830677
50.4985887118
48.5823924745
62.2549283163
90.7099522109
100.0
85.6188676493
52.8692450995
46.8561633997
46.5641089331
62.2994059554
90.5596039703
93.2330693135
95.3753795423
92.8369196949
79.3779464633
62.4952976422
54.0968650948
53.3279100632
70.8486067088
91.1724044725
97.6682696484
88.3655130989
63.6936753993
53.1357835995
54.2405223997
60.5436815998
66.6657877332
79.4671918221
80.2047945481
80.5498630321
88.799908688
84.516605792
74.1177371947
60.8318247965
57.6845498643
52.6830332429
46.2286888286
53.3424592191
72.8949728127
87.1033152085
78.5688768056
70.4325845371
54.8183896914
51.9889264609
56.4992843073
43.8561895382
38.2174596921
38.2249731281
37.7499820854
34.2733213903
44.5588809268
68.8725872846
87.7350581897
100.0
97.5355814176
50.8703876118
36.7969250745
37.111283383
40.6808555887
37.9805703924
37.7070469283
40.5646979522
38.5564653015
48.894310201
77.3128734673
100.0
87.8834993188
100.0
84.563777475
51.9325183167
44.1183455445
41.422230363
54.024820242
66.5498801613
86.7499201075
84.756613405
87.2110756034
71.8207170689
69.3971447126
91.6180964751
47.1387309834
49.8758206556
48.2538804371
47.6959202914
47.2639468609
50.1359645739
72.627309716
90.694873144
99.376582096
100.0
83.9295920427
91.3363946951
90.8709297967
94.9306198645
89.190413243
89.746942162
77.0579614413
86.6219742942
92.7313161961
89.8442107974
87.839473865
90.4429825766
96.5686550511
86.6857700341
95.4771800227
100.0
94.4131911212
95.2154607475
100.0
98.5902047767
99.8834698511
98.2823132341
93.701542156
97.9776947707
99.1317965138
80.8645310092
62.4730206728
69.7353471152
84.2102314101
96.8934876068
82.6189917378
78.5693278252
100.0
99.9519234779
100.0
72.0352993235
59.0435328823
75.0290219216
98.0993479477
100.0
100.0
79.393510503
52.3023403353
48.4182268902
49.2121512602
52.1047675068
49.6565116712
66.0810077808
95.4706718539
98.3137812359
91.1491874906
89.4061249937
81.2874166625
75.7316111083
61.0244074056
65.7729382704
67.2519588469
100.0
100.0
100.0
100.0
100.0
72.2406383624
76.2604255749
63.40361705
60.5424113666
75.0782742444
67.915516163
72.313677442
97.1891182946
100.0
100.0
46.7527017169
44.025134478
39.7967563186
45.0911708791
68.9941139194
100.0
86.845161742
100.0
100.0
100.0
100.0
100.0
100.0
100.0
67.7558087801
47.5472058534
44.7981372356
41.8587581571
37.6658387714
39.4538925142
41.0259283428
58.6739522286
100.0
100.0
100.0
100.0
88.4939772482
47.7459848321
45.7373232214
43.1382154809
43.792143654
41.3614291026
65.5176194018
100.0
97.555608623
100.0
89.9658260547
92.5738840364
60.9892560243
70.4361706829
85.6741137886
95.9727425257
100.0
100.0
92.8859977854
77.3306651903
53.9837767935
47.2825178623
49.9483452416
65.382230161
96.841486774
91.414324516
87.9095496773
55.6530331182
51.1786887455
50.135792497
55.8038616647
69.8659077764
76.537271851
69.1815145673
60.6476763782
54.3084509188
62.5123006125
93.2082004084
100.0
100.0
99.9283556766
94.8422371177
100.0
89.3043276079
60.4028850719
54.3819233813
50.7612822542
55.6108548361
60.8405698907
83.7803799272
88.3735866181
82.2490577454
74.6227051636
69.1551367757
63.9867578505
60.1945052337
60.1630034891
74.0620023261
78.3580015507
96.3886677005
94.6224451337
68.5482967558
64.6188645038
50.4059096692
54.9006064462
78.3904042974
100.0
100.0
100.0
100.0
89.7345799898
62.8963866599
55.1442577732
42.9661718488
45.2474478992
44.9082985995
43.488865733
44.7659104887
38.8606069924
43.0770713283
46.5013808855
43.797587257
47.2050581713
46.1733721142
43.9389147428
45.7192764952
42.3995176635
43.4296784423
41.7131189615
43.375412641
43.9869417607
45.5112945071
46.2108630047
59.6439086698
87.9726057799
99.7250705199
95.9133803466
85.4589202311
59.2892801541
51.0895201027
50.3163467351
55.1342311568
91.3328207712
100.0
100.0
100.0
70.2803102758
45.4302068505
45.7301379003
54.6834252669
71.1789501779
97.9793001186
93.0662000791
95.0741333861
100.0
88.9362815049
68.5641876699
52.6761251133
51.6574167422
55.5649444948
68.7699629965
83.2333086644
79.9188724429
74.3392482953
61.6761655302
75.3107770201
82.7371846801
88.5514564534
78.9409709689
78.4339806459
86.442653764
62.1284358426
51.3789572284
48.5859714856
72.5873143237
90.8048762158
98.3332508106
89.0155005404
84.9336670269
72.9357780179
69.9005186786
62.7236791191
61.3091194127
82.3227462751
88.3618308501
89.7545539001
95.6463692667
84.5509128445
91.270608563
87.6670723753
88.0180482502
92.7520321668
67.1280214445
52.4820142964
49.8880095309
51.6020063539
58.6546709026
70.3431139351
84.4120759567
79.7180506378
90.1253670919
92.1335780613
78.2223853742
75.6782569161
100.0
89.599225296
93.222816864
86.848544576
74.015696384
83.5871309227
87.2714206151
78.9876137434
85.1884091623
88.5889394415
83.619292961
79.3661953073
70.1907968716
63.603864581
60.5825763874
78.5317175916
73.681145061
77.320763374
89.8138422494
100.0
100.0
98.8007680739
73.6705120493
47.9770080328
44.5446720219
46.0264480146
74.1342986764
98.3295324509
99.2163549673
91.4075699782
84.8983799855
62.8222533236
48.6215022158
46.7110014772
53.8873343181
83.4682228787
88.1488152525
85.1992101683
83.7361401122
66.8907600748
49.3538400499
52.7125600333
55.7117066888
80.2544711259
100.0
100.0
78.8309544077
45.0673029384
37.2015352923
42.3110235282
51.1240156855
71.166010457
98.7873403047
100.0
78.5021512465
59.8747674977
53.4298449984
43.0165633323
38.3177088882
36.3251392588
37.3834261725
36.012284115
38.9615227433
44.8543484956
61.7362323304
100.0
100.0
100.0
45.0311076208
35.3974050805
34.3482700537
37.0421800358
92.7414533572
100.0
100.0
100.0
61.7349784409
47.876652294
43.4311015293
71.0874010195
45.254934013
37.6299560087
41.7566373391
79.5810915594
100.0
97.2060406931
92.3406937954
91.9871291969
100.0
96.9720574209
100.0
100.0
100.0
94.7668261572
93.5445507715
89.466367181
100.0
100.0
100.0
55.3171836407
56.6881224271
56.3620816181
60.1213877454
53.6575918303
60.1117278868
53.0078185912
58.1585457275
44.9723638183
53.7749092122
55.2199394748
64.5132929832
82.0588619888
99.2292413259
100.0
88.1696628115
91.753108541
84.605405694
94.6902704627
99.4035136418
58.8923424279
52.5748949519
63.3632633013
97.2188422008
99.9092281339
93.9994854226
100.0
96.3875490767
100.0
85.9644662563
71.5696441709
81.0697627806
67.9365085204
71.7510056803
59.2106704535
63.790446969
98.576964646
90.2879764307
100.0
100.0
100.0
100.0
100.0
100.0
100.0
100.0
100.0
100.0
100.0
90.7770648133
58.3013765422
61.6942510281
49.1495006854
46.703000457
80.7420003046
100.0
80.4853334687
37.2068889792
39.0312593194
41.0341728796
32.8061152531
33.6007435021
30.6371623347
47.0614415565
85.0809610376
80.9406406918
80.7670937945
84.8580625297
100.0
99.488027791
100.0
100.0
100.0
100.0
56.1284234128
35.9756156085
37.823743739
39.9791624927
66.2694416618
96.8596277745
93.273085183
90.6187234553
88.4858156369
92.2572104246
91.4081402831
97.9854268554
89.7436179036
74.7624119357
48.1916079571
48.9044053048
61.2929368698
99.0752912466
98.486860831
96.9745738874
89.2063825916
90.264255061
77.669503374
69.1263355827
67.1008903885
64.4105935923
62.6070623949
55.2813749299
68.1675832866
77.1550555244
82.8433703496
87.4889135664
74.1359423776
73.9306282517
71.5704188345
70.0469458897
64.4879639264
71.8553092843
85.3168728562
90.6512485708
100.0
100.0
100.0
90.460987372
55.8073249147
53.3582166098
46.1454777399
47.2236518266
81.0557678844
100.0
84.2325635042
86.3617090028
88.2211393352
89.0840928901
86.8260619267
85.5507079512
91.2171386341
82.8914257561
89.1242838374
95.7061892249
85.7841261499
78.0194174333
66.6896116222
55.3764077481
48.5742718321
47.5995145547
52.5230097032
69.0420064688
82.6513376458
71.6908917639
77.8472611759
62.6615074506
61.6110049671
50.4606699781
50.2237799854
56.1291866569
57.7094577713
60.6529718475
62.8319812317
73.0446541545
70.8697694363
75.3165129575
65.7643419717
57.2162279811
67.2774853208
67.8449902138
74.8866601426
73.6611067617
72.3874045078
69.4849363385
64.2332908924
66.9455272616
58.683684841
55.2391232274
53.6794154849
60.6162769899
61.4508513266
68.4905675511
80.6937117007
79.2458078005
72.713871867
57.7492479113
58.1094986076
59.3129990717
88.9086660478
97.6524440319
85.7449626879
57.3766417919
47.881094528
51.1807296853
67.5271531235
100.0
90.3876236105
80.2084157403
49.9722771602
48.2981847735
61.128789849
87.1158598993
92.1539065995
92.3626043997
89.0917362665
79.5578241776
69.4252161184
61.3668107456
59.9912071637
66.6908047758
76.0572031839
75.2581354559
82.6154236373
74.3702824249
72.8768549499
69.0812366333
73.2374910888
75.9516607259
74.1477738173
64.0818492115
64.834566141
59.8163774273
48.1209182849
59.7739455233
80.5959636822
84.5139757881
80.7726505254
61.8651003503
54.0634002335
52.7822668223
35.7848445482
38.1632296988
40.4821531325
35.074768755
35.2098458367
41.2598972245
50.8965981496
93.6677320998
100.0
87.7989920443
41.1093280296
37.942885353
40.4619235687
38.4779490458
37.1886326972
38.4324217981
40.4049478654
49.5699652436
74.9299768291
96.2166512194
100.0
100.0
60.6438225835
50.5492150557
49.9894767038
40.4296511359
48.3131007572
54.9754005048
79.4636003366
84.0424002244
89.8782668162
81.4755112108
81.9203408072
92.4102272048
52.2601514699
47.5401009799
51.1767339866
47.7144893244
45.8763262163
48.7975508108
63.3017005406
94.5178003604
100.0
100.0
96.9930519586
84.5287013058
84.1191342038
89.4627561359
80.9218374239
82.2712249493
68.5574832995
86.771655533
90.5911036887
98.2740691258
89.2927127505
89.5318085003
88.0345390002
97.6230260002
89.7853506668
88.1602337778
96.9768225186
100.0
100.0
98.5946140796
100.0
100.0
95.1117375051
96.5311583367
95.5041055578
100.0
88.658491359
62.745660906
60.4537739373
83.5025159582
83.4383439722
85.0255626481
78.7770417654
100.0
100.0
100.0
67.0812675092
56.7941783395
71.6994522263
100.0
99.1086454339
92.5957636226
70.6805090817
52.5770060545
52.5613373697
54.0042249131
70.5361499421
78.3840999614
93.7360666409
99.3440444273
96.4560296182
98.9240197455
77.0426798303
56.7884532202
53.1989688135
51.045979209
52.7873194727
94.7382129818
100.0
100.0
94.8535445872
100.0
87.8793531499
100.0
76.3908236222
62.0972157481
53.1781438321
53.762095888
56.7980639254
100.0
100.0
100.0
65.8775188001
43.7183458667
41.3588972445
40.8692648297
54.7295098864
97.1863399243
88.4342266162
93.2028177441
100.0
100.0
100.0
100.0
100.0
100.0
100.0
63.8640392231
45.6460261487
48.0206840991
40.7037893994
38.509192933
40.9527952886
44.8685301924
80.5590201283
100.0
100.0
100.0
100.0
51.2536981239
45.8357987493
43.5638658328
40.9159105552
42.5672737035
42.588182469
50.8887883127
93.5158588751
100.0
100.0
100.0
100.0
100.0
84.076495155
51.6576634367
53.6117756245
79.134517083
96.066344722
97.9708964813
91.2972643209
82.0681762139
57.6787841426
46.6658560951
52.2672373967
69.9181582645
94.175438843
95.6969592287
73.4479728191
53.6519818794
58.9979879196
61.1253252797
62.0902168532
61.0168112354
57.8445408236
57.2130272158
71.3553514772
100.0
100.0
100.0
95.7847607856
99.1698405237
91.9498936825
65.6465957883
52.3943971922
59.7129314615
58.2019543077
61.6846362051
83.9997574701
98.8498383134
81.6498922089
63.9432614726
52.8221743151
63.5114495434
59.7242996956
69.2095331304
70.7230220869
84.9220147246
100.0
92.4720065443
63.5313376962
56.5475584641
54.9717056427
51.2078037618
73.0318691746
100.0
100.0
100.0
100.0
86.8410691917
66.0407127945
55.457141863
60.2114279087
40.8109519391
40.8639679594
46.4226453063
43.8217635375
46.894509025
45.6996726833
50.4664484556
57.1942989704
55.2095326469
54.0130217646
50.3120145097
42.7413430065
44.8075620043
42.8383746696
42.0222497797
42.7314998531
45.7209999021
45.4406666014
46.2837777343
43.8925184895
45.6883456597
51.0688971064
66.492598071
94.758398714
99.538932476
100.0
96.2295255449
56.5330170299
46.3120113533
47.0846742355
55.4764494903
100.0
100.0
100.0
100.0
77.8015489041
53.7210326027
52.5506884018
54.6404589345
55.1003059564
68.7002039709
99.7768026473
88.1778684315
94.645245621
92.366830414
79.5278869427
69.6452579618
64.6735053079
56.7023368719
55.2215579146
58.7510386097
61.2273590732
94.0249060488
86.0999373658
85.0499582439
83.3099721626
87.6699814417
100.0
69.0799917519
47.0766611679
48.2977741119
53.451849408
68.8112329386
86.2408219591
87.4905479727
89.5936986485
73.4191324323
72.6360882882
60.7540588588
63.7727059059
79.7251372706
90.1400915137
80.9033943425
93.122262895
87.7015085967
89.2176723978
99.5551149318
100.0
92.0589399697
73.2159599798
60.3573066532
50.5148711021
52.0365807348
57.4243871565
73.8495914377
92.9863942918
85.5775961945
91.6050641297
87.6933760865
80.4622507243
80.3848338162
92.1665558775
82.5210372516
94.4673581678
87.2849054452
78.5232702968
83.9421801979
87.2847867986
80.6365245324
100.0
88.2073442366
80.1515628244
69.7610418829
63.1706945886
61.6071297258
66.7214198172
70.6676132114
71.0084088076
100.0
98.9981816923
100.0
100.0
69.0035353162
43.7023568775
42.524904585
46.06993639
72.4032909267
91.2321939511
100.0
91.9198639783
81.7532426522
56.0688284348
47.5492189565
48.9928126377
56.6985417585
89.509027839
94.0693518926
92.8595679284
62.1597119523
52.2664746349
55.7643164232
56.3828776155
74.038585077
81.9923900513
100.0
80.8232844673
56.1955229782
42.3703486521
41.2002324347
70.4068216232
84.1812144154
96.0341429436
89.5427619624
65.5618413083
59.0712275389
58.4508183592
54.8005455728
50.6903637152
37.1969091435
40.187939429
41.7819596193
49.1746397462
69.7797598308
100.0
100.0
72.4217806906
39.9045204604
38.2730136403
33.3320090935
46.084672729
88.6097818193
100.0
100.0
100.0
100.0
100.0
51.9267984039
57.9111989359
37.394132624
48.896088416
46.1673922773
41.0315948515
37.097729901
40.981819934
79.0645466227
93.5496977485
89.3631318323
97.1287545549
96.5491697032
93.2761131355
89.2107420903
100.0
100.0
100.0
100.0
100.0
96.1951680299
100.0
100.0
100.0
69.1485517096
56.3357011397
52.3471340932
61.7347560621
49.0498373747
59.8098915832
52.2399277221
57.3799518147
43.3966345432
53.8310896954
48.0273931303
57.0682620869
67.3788413912
86.4958942608
100.0
91.5748418937
85.2765612625
86.2510408416
100.0
100.0
68.274752842
56.809835228
58.6665568187
75.0377045458
98.5184696972
100.0
98.8004309765
96.6069539843
100.0
97.7686462153
73.7890974768
83.4860649846
56.9773766564
66.4715844376
58.7277229584
63.5718153056
100.0
97.7108068025
98.1305378683
97.2336919122
100.0
100.0
100.0
100.0
100.0
100.0
100.0
100.0
100.0
80.9984225053
54.5222816702
57.2148544468
43.7732362979
47.6321575319
42.4381050213
43.7720700142
47.1447133428
56.8664755619
92.4043170412
100.0
88.911918685
47.3912791233
45.3641860822
44.7961240548
45.5774160365
55.991610691
61.2077404607
78.2384936405
100.0
85.5026638402
54.6817758935
35.2545172623
34.5363448415
47.7642298944
82.3028199296
82.7352132864
80.2901421909
85.9734281273
98.6622854182
98.1481902788
100.0
100.0
91.3479823048
41.7486548699
34.9157699133
38.6638466088
40.8325644059
84.7517096039
96.881139736
98.300759824
83.4805065493
89.3370043662
97.8146695775
87.8697797183
100.0
96.3665687637
68.9377125091
44.1918083394
56.4278722263
86.7685814842
86.2890543228
91.4193695485
97.049579699
89.1797197993
75.1764798662
69.2143199108
63.8195466072
61.3963644048
56.3709096032
68.1906064021
75.6504042681
81.4269361787
83.6412907858
75.1575271905
72.1483514604
70.8189009736
73.1692673157
78.3961782105
89.0374521403
86.8049680935
96.0133120624
89.2955413749
96.4636942499
96.8857961666
68.6238641111
65.3125760741
50.8083840494
54.3789226996
86.5259484664
85.2772989776
89.7481993184
81.2421328789
87.028088586
87.5153923906
91.5669282604
87.4612855069
91.1008570046
88.5239046698
91.9559364465
94.1006242977
87.7004161984
74.8502774656
56.7601849771
48.9901233181
54.3167488787
49.9644992525
56.926332835
72.6675552233
95.1517034822
82.8411356548
59.3207571032
59.8871714021
50.0314476014
48.7609650676
50.7306433784
53.3337622523
59.2358415015
76.1238943343
78.1892628896
73.0228419264
69.1618946176
66.5079297451
57.2319531634
58.5979687756
66.1053125171
74.0268750114
73.4912500076
76.1641666717
69.8761111145
67.370740743
68.343827162
63.429218108
66.082812072
57.8418747147
59.1512498098
49.3608332065
57.0038888043
65.6092592029
81.4761728019
82.1041152013
89.7260768009
77.0373845339
56.3315896893
47.6310597928
54.8440398619
76.5326932413
100.0
100.0
70.0278350344
39.7752233563
39.2601489042
42.0367659361
77.1311772908
97.6941181938
92.7127454626
87.788496975
88.8723313167
74.8948875445
61.8565916963
60.2143944642
66.8995963095
87.2563975396
95.8875983598
83.8283989065
59.2489326043
50.1526217362
53.4350811575
69.830054105
79.2267027367
83.3844684911
80.3363123274
78.6275415516
79.7883610344
72.6889073563
74.0559382375
69.103958825
60.6726392167
53.9984261444
46.238950763
54.2593005086
77.6628670058
86.0519113372
85.1312742248
62.9708494832
50.8338996555
54.6625997703
38.7917331802
37.1644887868
37.4796591912
35.3464394608
40.6809596405
66.1039730937
85.5526487291
84.7484324861
52.6522883241
40.7448588827
42.1599059218
38.2199372812
43.5166248541
62.4744165694
80.6996110463
85.2964073642
92.8876049095
93.908403273
57.415602182
63.723734788
46.975823192
47.7172154613
39.1114769742
53.4276513161
71.6217675441
87.6278450294
90.9152300196
88.3501533464
83.7434355643
85.3056237095
74.2837491397
50.6724994264
52.1749996176
47.3666664118
47.0777776078
45.7951850719
46.3134567146
53.1256378097
69.0670918732
100.0
100.0
96.7165457402
86.3110304935
98.6273536623
93.7615691082
77.6843794055
74.966252937
66.9108352913
89.1938901942
96.5959267961
87.5206178641
90.1870785761
92.508052384
86.895368256
92.1569121707
79.1046081138
100.0
100.0
100.0
100.0
100.0
100.0
100.0
96.0635436179
96.5823624119
100.0
98.0054944053
100.0
88.1046641801
69.2797761201
60.8731840801
59.9787893867
54.5058595911
65.3572397274
100.0
96.1932176566
96.7821451044
91.9114300696
100.0
100.0
100.0
100.0
100.0
84.4002215699
57.6434810466
47.9889873644
48.2893249096
51.0162166064
47.6074777376
56.8649851584
75.6066567723
84.5077711815
94.628514121
91.4123427473
83.6915618316
78.401041221
66.2406941474
58.2971294316
61.6180862877
100.0
100.0
96.8260996408
100.0
96.7049331737
80.8932887825
76.5921925216
76.5481283478
83.2087522318
86.3491681546
90.806112103
85.0474080687
86.4416053791
99.7977369194
75.9351579463
51.8934386309
56.5356257539
94.0270838359
92.2580558906
83.3720372604
84.5680248403
100.0
100.0
97.8934888416
86.528992561
61.3759950407
58.9473300271
75.6448866848
85.4932577898
86.2088385266
93.5292256844
82.2194837896
58.8963225264
47.9508816843
57.6072544562
94.0048363041
100.0
98.2332605796
74.8388403864
63.6558935909
52.407262394
55.0081749293
51.7221166195
46.7214110797
57.7676073865
88.205071591
100.0
100.0
90.6481693603
67.9554462402
51.6602974935
48.4035316623
61.9890211082
99.7460140721
100.0
100.0
100.0
94.7920521624
89.4047014416
77.8931342944
59.4687561963
47.6458374642
51.6072249761
51.1614833174
78.2309888783
100.0
95.7137728348
72.1958485565
50.8838990377
54.6259326918
52.7806217945
61.793747863
59.1624985753
60.0849990502
59.2066660335
87.7044440223
100.0
100.0
100.0
98.6923593131
77.0415728754
65.2110485836
60.0306990557
59.6404660371
74.7603106914
71.593540461
76.589026974
81.829351316
82.389567544
73.909711696
73.9431411307
60.4587607538
64.4858405025
69.3472270017
76.6448180011
78.4665453341
72.2110302227
79.2073534818
87.4149023212
67.1999348808
63.4366232539
69.0410821692
63.5340547795
72.4727031863
95.3551354576
100.0
100.0
98.5089290245
90.125952683
67.2373017886
56.9082011924
58.5521341283
41.7814227522
43.1776151681
49.4350767788
46.0467178525
45.2878119017
44.3952079344
47.4834719563
54.2589813042
52.1859875361
50.9306583574
51.9304389049
43.9936259366
44.5957506244
43.6071670829
41.161444722
45.170963148
46.3273087653
47.0215391769
45.4410261179
54.3040174119
71.056011608
79.5306744053
87.4004496035
88.323633069
84.2157553794
68.4471702529
57.1847801686
53.0098534457
76.4665689638
100.0
100.0
100.0
58.2209272027
45.4706181352
44.6504120901
57.6469413934
74.7112942623
97.6575295082
89.2016863388
87.5144575592
94.5029717061
94.2553144708
92.9902096472
82.2534730981
69.7123153987
67.2682102658
65.3721401772
62.6647601181
62.4898400788
62.1932267192
65.1554844795
67.956989653
91.4313264353
80.3408842902
94.3872561935
92.9081707956
100.0
100.0
55.4146431987
48.3297621325
47.993174755
48.50878317
48.4758554467
55.8905702978
77.1803801985
96.9702534657
100.0
79.4090015403
75.4993343602
80.6195562401
69.7830374934
69.7120249956
98.6980166637
95.5886777758
89.2091185172
88.5660790115
93.5040526743
95.5460351162
71.8173567441
60.2482378294
52.752158553
53.358105702
59.6887371346
77.6791580898
77.7927720598
87.6218480399
94.4045653599
82.5463769066
68.9209179377
79.5006119585
85.5237413057
93.6991608704
91.6927739136
95.3418492758
91.3712328505
95.8308219003
90.0572146002
75.5814764001
86.0743176001
75.4495450667
71.3463633778
72.1809089185
74.163939279
73.7959595194
70.5706396796
69.9637597864
69.9025065243
91.9216710162
88.6877806774
100.0
100.0
100.0
75.2436356894
33.9557571262
42.7171714175
90.3014476117
100.0
100.0
100.0
70.9797921208
32.9998614139
36.8332409426
35.8921606284
35.5914404189
76.737626946
100.0
100.0
40.4518894655
39.8712596436
38.0641730958
37.6927820638
33.6418547092
31.7545698062
100.0
100.0
100.0
100.0
100.0
82.7111830831
48.6941220554
39.6294147036
40.5729431357
44.7252954238
51.4301969492
100.0
92.5945319774
89.6763546516
97.1309031011
92.3339354007
97.8559569338
100.0
100.0
100.0
89.7336458141
96.2390972094
100.0
100.0
80.2589917657
58.8993278438
52.0995518959
53.9697012639
60.7664675093
50.9543116729
53.7995411152
57.2363607435
55.2109071623
61.6472714416
63.5215142944
82.4610095296
93.9073396864
92.8548931243
95.2765954162
94.8743969441
87.4095979627
81.0963986418
63.3675990946
73.905066063
85.980044042
70.6133626947
62.4089084631
86.5592723087
93.9195148725
100.0
100.0
96.0694858881
100.0
86.0719937281
55.841329152
77.5108861014
59.9639240676
68.7492827117
53.4128551411
65.3485700941
97.2390467294
100.0
100.0
95.5963842161
97.3275894774
100.0
100.0
100.0
100.0
100.0
100.0
100.0
100.0
100.0
100.0
88.1774010469
49.0016006979
50.4044004653
67.0329336435
55.1619557623
51.6779705082
55.5019803388
70.6346535592
87.5264357061
78.6709571374
71.2906380916
54.8070920611
43.3513947074
45.3075964716
60.2850643144
78.4733762096
73.2655841397
71.0503894265
67.6569262843
57.8012841895
59.3041894597
63.6827929731
70.2718619821
80.8345746547
65.2397164365
50.1764776243
48.0843184162
62.7728789441
69.9319192961
80.4879461974
80.0186307983
93.9757538655
100.0
100.0
100.0
51.5359513808
37.4873009206
35.0548672804
36.8432448536
67.9121632357
100.0
87.1454058825
92.736937255
97.0012915034
98.7475276689
94.3050184459
91.8033456306
100.0
92.9125980581
59.2983987054
39.5789324702
45.5959549802
62.8039699868
87.5559799912
100.0
90.1059911072
90.9939940715
89.019329381
79.122886254
83.878590836
65.9723938907
63.2182625938
49.5488417292
65.0625611528
69.6217074352
75.4544716235
88.5863144156
85.5342096104
69.6794730736
69.5996487157
65.5030991438
78.2087327626
84.1558218417
95.6805478945
100.0
100.0
100.0
57.2377625471
47.081841698
53.9178944654
47.4652629769
70.1135086513
100.0
91.9137816228
85.6491877485
82.0261251657
85.6707501105
89.3571667403
92.2981111602
85.9054074401
95.2402716268
91.4068477512
88.6845651674
88.173043445
88.9653622966
86.4802415311
77.1534943541
53.2656629027
40.4837752685
41.3925168456
41.9150112304
50.6366741536
66.1611161024
83.1507440683
92.5904960455
87.150330697
65.4768871313
46.1945914209
52.0897276139
45.3698184093
49.2832122729
44.6054748486
55.763649899
74.4857665994
98.5038443996
100.0
84.7861530665
60.050768711
62.8638458073
62.9058972049
62.4105981366
62.1403987577
65.1202658385
65.563510559
67.885673706
62.2137824707
65.8558549804
57.630569987
56.6403799913
60.4969199942
62.4012799961
79.6008533308
85.5239022205
78.4326014803
55.7950676536
49.7633784357
55.3055856238
70.9070570825
100.0
99.1753587033
78.8602391356
50.3168260904
41.3578840603
44.3719227068
67.6979484712
90.6852989808
94.7335326539
85.7890217693
80.1360145128
76.1573430086
71.724895339
69.539930226
77.3732868173
67.1021912116
78.914794141
78.693196094
81.9621307294
67.6480871529
60.1553914353
57.3369276235
67.4012850823
78.9275233882
86.7483489255
74.6555659503
73.6337106335
73.8024737557
73.7349825038
70.5299883359
77.0466588906
89.1244392604
78.0529595069
51.5653063379
40.1135375586
46.6156917058
57.9037944705
72.3758629803
83.1672419869
72.5414946579
59.7209964386
