104
104
96
99
103
60
43
47
49
41
45
28
21
19
20
28
27
28
25
27
24
33
32
22
24
32
47
108
106
101
95
100
88
50
41
32
38
84
99
96
90
71
68
86
41
37
39
37
39
43
73
106
113
105
74
76
90
112
96
73
71
97
105
106
88
89
97
92
84
101
105
93
98
92
110
113
99
96
119
103
96
69
74
72
63
72
73
128
129
93
105
88
101
121
91
59
42
39
41
47
77
91
94
102
103
95
75
57
60
54
58
112
107
106
106
103
79
78
73
70
82
87
84
91
91
85
54
96
141
89
76
76
86
111
113
102
81
69
59
68
74
99
106
63
36
38
66
103
105
108
96
53
35
31
31
39
78
112
102
100
106
97
79
75
85
97
108
103
99
90
51
33
31
37
83
111
102
99
50
40
47
44
43
47
43
49
89
128
128
121
101
107
110
97
56
36
40
41
45
68
94
85
73
72
68
66
60
65
77
94
75
77
64
48
56
105
115
116
110
90
61
44
50
29
30
40
35
37
35
41
43
49
46
38
35
34
37
35
37
39
39
36
37
39
53
93
117
119
107
58
34
36
45
85
114
126
82
55
53
62
80
92
93
92
125
88
65
43
41
47
55
83
107
78
55
58
77
95
80
102
122
54
34
36
45
55
76
90
95
104
96
72
56
52
61
85
94
102
92
101
99
99
65
46
45
42
55
70
97
86
93
80
66
87
92
93
100
104
81
81
78
87
87
77
78
73
66
66
65
78
83
88
93
126
111
57
26
27
33
84
106
111
101
81
59
43
36
48
75
102
89
97
63
34
31
36
80
125
114
98
36
20
24
34
62
111
116
117
84
49
45
30
24
24
25
24
30
33
59
119
126
102
49
25
23
89
121
121
126
116
65
34
48
32
25
24
35
91
93
109
100
103
112
112
115
112
105
101
92
106
113
121
50
47
43
48
55
46
52
46
51
39
45
47
60
86
109
101
94
95
86
97
109
61
44
53
91
119
101
113
105
102
81
88
66
76
48
50
86
105
106
104
114
122
109
113
104
102
131
131
137
114
63
40
44
37
34
38
43
57
87
109
86
46
36
35
38
47
66
90
118
81
37
18
18
29
79
90
86
109
103
108
134
72
24
20
24
61
116
105
102
92
103
103
99
104
71
32
23
29
79
112
105
98
102
94
102
96
53
42
32
43
33
61
88
94
99
109
75
63
62
71
103
126
139
115
46
35
31
40
83
101
91
91
93
82
91
101
98
93
93
89
94
82
48
39
35
35
48
75
73
85
77
67
55
41
40
44
49
52
72
82
72
70
52
54
61
64
71
69
74
67
69
60
57
53
49
45
51
71
84
97
89
58
41
38
56
94
120
91
46
35
35
56
94
100
102
98
80
57
45
44
67
95
105
93
60
44
45
54
63
80
82
82
92
87
73
55
50
44
36
45
71
91
81
69
48
43
49
34
26
26
26
22
35
67
93
123
107
45
22
22
28
26
26
30
28
41
78
113
95
123
89
44
31
28
45
63
90
89
91
71
66
94
40
39
38
38
38
42
71
96
108
109
87
94
94
99
92
92
76
87
96
93
90
93
101
89
99
108
99
99
109
104
105
103
97
102
104
81
56
64
84
102
85
78
164
111
117
70
50
70
102
112
122
81
43
36
38
43
41
62
101
107
97
93
82
74
55
60
63
112
130
122
116
112
70
72
57
53
72
65
70
102
161
113
38
29
25
33
65
108
93
114
113
132
124
128
125
135
65
34
30
28
24
27
30
53
127
127
125
108
91
38
32
30
32
30
61
108
107
114
95
96
56
65
86
101
109
120
98
76
45
35
39
60
102
98
92
50
41
40
48
67
77
68
56
47
57
97
123
128
108
99
109
92
54
44
40
47
55
85
93
85
74
66
59
54
54
72
79
102
101
67
59
41
46
77
115
123
118
116
93
57
45
30
33
34
33
35
28
33
38
35
39
38
35
37
33
34
32
34
35
37
38
55
92
109
104
89
54
41
40
47
94
153
125
114
68
33
32
45
68
104
100
101
114
93
65
43
41
47
65
85
82
74
57
73
84
92
80
78
88
58
42
38
69
95
106
94
87
71
66
57
55
82
92
94
101
87
94
90
90
96
64
43
39
42
52
68
87
82
94
97
79
74
106
94
97
89
72
83
89
79
86
91
85
79
67
58
54
77
73
77
93
125
114
105
72
37
31
34
71
105
108
97
87
58
38
35
45
84
93
89
86
64
40
43
48
80
111
113
81
35
22
29
42
69
106
123
82
54
44
31
25
23
25
24
28
36
58
121
127
120
38
19
18
23
95
121
128
113
58
36
30
66
37
25
30
79
120
107
98
96
115
103
121
116
106
98
96
91
106
111
112
49
46
47
53
46
54
46
52
36
46
49
61
84
107
114
93
95
86
98
105
54
42
56
101
108
100
111
102
109
88
68
79
64
68
53
58
103
96
111
108
107
115
110
112
112
122
135
123
120
93
50
52
38
35
79
121
85
26
24
28
19
20
17
38
88
86
84
88
107
107
108
116
134
123
50
19
21
26
61
103
101
96
92
96
95
103
93
73
38
37
54
104
107
104
93
93
77
65
62
59
57
48
64
77
85
91
74
72
69
67
60
69
87
95
109
129
118
94
48
42
34
36
80
108
89
89
91
92
89
87
94
84
91
100
88
77
62
47
38
37
44
66
85
72
78
59
56
42
41
49
52
56
59
72
70
75
63
51
63
65
74
73
71
67
60
63
53
48
46
55
57
66
82
81
72
52
51
53
91
105
90
52
37
41
63
107
97
82
42
37
54
89
98
98
93
80
66
55
53
62
75
75
84
74
71
66
71
75
73
60
60
54
39
53
81
88
83
58
46
44
23
25
29
23
23
31
44
99
123
95
32
23
27
26
25
27
30
42
75
104
112
117
58
40
39
28
38
48
80
88
95
84
83
96
46
36
41
38
36
40
59
100
125
121
104
86
84
91
81
82
65
87
94
104
93
92
90
102
93
90
101
114
112
104
109
109
99
100
99
106
91
57
52
82
85
87
79
161
114
106
63
47
66
126
108
97
68
43
42
45
67
79
99
107
103
105
77
49
43
41
44
98
113
128
102
117
91
112
76
55
43
44
49
105
168
135
64
30
26
27
46
102
95
99
115
122
113
137
155
134
118
58
31
34
27
25
29
35
81
115
136
120
112
44
32
30
28
31
32
43
98
117
114
116
117
121
86
42
42
76
101
105
96
83
51
35
42
66
99
103
74
46
51
55
57
56
52
51
69
107
125
122
102
104
95
61
42
51
51
56
85
106
85
60
44
57
54
66
69
87
115
99
60
48
46
42
70
109
117
122
109
89
61
46
52
29
28
36
34
38
37
43
52
50
48
43
33
35
33
32
33
37
37
38
35
37
44
64
101
109
114
103
51
34
35
47
113
141
126
121
78
44
41
45
47
65
106
94
100
97
80
66
59
49
47
52
56
98
91
88
85
90
125
69
36
36
44
65
89
92
94
73
70
55
58
79
94
83
97
91
92
105
107
96
71
53
40
42
50
72
98
90
96
91
81
80
95
84
98
90
78
84
89
81
108
92
80
66
57
55
62
68
69
106
107
121
116
67
31
28
34
69
96
122
99
83
49
36
38
49
92
101
99
59
43
47
49
72
84
108
84
50
30
28
66
87
103
95
63
52
51
47
42
25
28
31
41
68
114
132
75
28
23
18
35
91
113
121
116
120
118
45
47
23
37
36
30
25
30
79
101
96
104
103
98
92
118
107
120
109
107
100
124
133
108
65
46
41
54
40
53
45
51
34
46
40
51
65
90
109
98
88
88
110
109
66
48
50
72
104
111
106
102
108
103
72
82
50
60
52
58
109
106
105
103
109
112
118
129
116
122
130
128
128
81
44
46
31
36
31
33
38
51
97
110
95
40
33
33
35
49
57
79
112
91
49
21
19
37
83
87
83
89
105
105
114
140
97
30
17
23
28
85
105
107
87
92
103
91
112
102
66
32
46
87
90
96
103
93
74
65
58
55
49
64
75
83
86
75
70
68
71
78
92
90
101
93
101
102
66
59
41
45
87
89
94
83
89
90
95
90
94
91
95
98
90
73
49
38
45
41
50
71
101
87
55
53
41
39
42
46
54
76
80
73
67
63
51
52
62
73
73
76
68
64
65
59
62
52
53
41
50
62
83
85
94
78
50
37
46
75
129
121
70
27
24
29
75
105
100
92
92
74
56
53
62
89
102
87
54
40
44
66
80
86
82
79
80
71
72
66
55
46
36
46
77
90
89
60
42
46
27
24
25
23
30
63
90
90
48
29
30
26
33
58
83
90
99
100
53
57
37
37
27
45
70
92
97
93
86
87
73
42
42
37
37
36
37
46
67
114
124
105
89
103
98
77
72
62
90
102
91
93
96
89
95
79
111
113
110
106
111
112
109
100
100
111
103
106
90
65
53
52
46
60
120
105
103
96
113
112
128
115
125
86
49
35
36
41
38
50
75
88
101
97
86
78
62
51
55
109
116
104
110
102
81
74
74
83
88
94
87
88
105
76
43
47
96
98
86
86
120
118
104
88
55
50
72
87
89
98
84
53
37
49
97
110
106
75
58
43
46
43
37
51
91
111
114
96
65
42
37
55
105
120
124
122
100
91
76
52
36
41
42
77
114
104
72
42
45
44
56
54
55
54
90
137
122
109
104
76
59
52
52
72
70
76
83
84
73
72
55
59
66
76
79
71
79
90
65
58
65
59
70
100
118
115
105
93
63
48
50
30
31
40
37
36
35
39
48
46
44
45
35
35
34
31
36
38
39
37
48
70
82
92
93
87
66
50
44
74
115
149
116
53
32
31
49
73
104
95
91
99
99
97
83
66
62
60
57
57
57
61
65
95
83
99
98
107
113
50
36
36
38
39
49
77
104
110
82
74
80
67
66
103
102
93
91
97
100
70
53
43
44
53
77
79
91
100
85
66
78
87
98
96
100
95
100
93
74
86
74
68
69
72
72
68
67
67
95
93
116
118
120
75
19
27
90
116
114
116
70
18
20
21
22
75
165
131
33
24
23
24
20
18
118
121
122
135
120
84
38
24
26
33
43
108
101
95
103
97
103
112
123
109
92
99
107
117
81
51
41
44
54
43
46
51
49
57
60
84
100
99
101
100
90
81
58
70
87
69
57
87
99
124
109
101
109
88
48
73
54
64
46
60
102
123
110
101
102
107
112
125
137
114
119
125
116
134
113
89
38
37
60
48
43
48
68
91
81
70
48
32
34
54
79
74
70
65
52
53
59
68
82
63
42
38
57
68
82
82
99
111
124
134
46
21
18
22
63
112
94
98
103
105
99
95
122
98
53
25
32
56
90
109
96
95
92
79
84
62
57
40
59
67
75
92
89
68
66
61
77
86
101
110
132
108
51
34
43
37
66
108
99
89
83
87
92
96
88
99
95
91
90
91
88
76
45
27
28
30
42
63
86
99
92
63
36
42
35
40
35
49
74
106
111
89
55
56
57
57
57
61
62
65
58
62
52
50
55
58
80
89
80
50
40
47
68
107
108
81
42
28
32
63
95
102
90
81
75
69
66
76
64
78
79
83
65
54
50
63
79
90
75
72
72
72
68
76
92
79
44
27
35
51
71
86
73
55
46
