  570   6.28
  569   6.28
  569   6.28
  569   0.00
  569   0.00
  569   0.01
  569   0.01
  569   0.01
  569   0.01
  569   0.01
  569   0.01
  570   0.01
  570   0.01
  570   0.01
  570   0.01
  570   0.02
  569   0.02
  569   0.03
  570   0.03
  570   0.03
  570   0.03
  570   0.03
  570   0.03
  570   0.03
  570   0.03
  570   0.04
  570   0.04
  569   0.05
  569   0.05
  572   0.05
  569   0.06
  572   0.06
  572   0.07
  572   0.07
  572   0.07
  569   0.08
  572   0.08
  572   0.08
  572   0.09
  572   0.09
  572   0.10
  572   0.10
  572   0.10
  572   0.11
  572   0.11
  572   0.11
  572   0.12
  572   0.12
  572   0.12
  572   0.13
  572   0.13
  572   0.14
  572   0.14
  572   0.14
  572   0.15
  572   0.15
  572   0.15
  572   0.16
  572   0.16
  572   0.17
  572   0.17
  572   0.17
  572   0.18
  572   0.18
  572   0.18
  573   0.19
  573   0.19
  573   0.19
  573   0.20
  573   0.20
  573   0.20
  573   0.21
  573   0.21
  573   0.22
  576   0.22
  576   0.22
  573   0.23
  573   0.23
  573   0.23
  573   0.24
  573   0.24
  573   0.24
  573   0.24
  573   0.25
  573   0.25
  573   0.26
  573   0.26
  573   0.26
  573   0.27
  573   0.27
  573   0.27
  573   0.28
  573   0.28
  573   0.29
  573   0.29
  573   0.29
  573   0.29
  573   0.30
  573   0.31
  573   0.31
  573   0.31
  573   0.31
  578   0.32
  578   0.32
  578   0.32
  578   0.33
  582   0.33
  582   0.34
  582   0.34
  582   0.34
  582   0.35
  582   0.35
  582   0.36
  582   0.36
  582   0.36
  582   0.36
  582   0.37
  582   0.37
  582   0.37
  582   0.38
  582   0.38
  582   0.39
  582   0.39
  582   0.39
  582   0.40
  586   0.40
  586   0.41
  586   0.41
  586   0.41
  586   0.42
  586   0.42
  586   0.42
  586   0.42
  586   0.43
  586   0.43
  586   0.44
  586   0.44
  586   0.44
  586   0.45
  588   0.45
  588   0.46
  588   0.46
  588   0.46
  588   0.47
  590   0.47
  590   0.47
  590   0.47
  590   0.48
  590   0.48
  590   0.48
  590   0.49
  590   0.49
  590   0.50
  590   0.50
  590   0.51
  590   0.51
  597   0.51
  597   0.52
  597   0.52
  597   0.52
  597   0.53
  597   0.53
  597   0.54
  597   0.54
  597   0.54
  598   0.55
  603   0.55
  607   0.55
  607   0.56
  603   0.56
  603   0.56
  603   0.57
  607   0.57
  607   0.58
  607   0.58
  607   0.58
  607   0.59
  607   0.59
  607   0.59
  609   0.60
  609   0.60
  609   0.61
  609   0.61
  609   0.61
  616   0.62
  616   0.62
  617   0.62
  622   0.63
  622   0.63
  643   0.63
  643   0.64
  643   0.64
  643   0.64
  643   0.65
  643   0.65
  643   0.66
  643   0.66
  643   0.66
  643   0.67
  643   0.67
  643   0.67
  643   0.68
  643   0.68
  643   0.69
  643   0.69
  643   0.69
  643   0.70
  643   0.70
  643   0.71
  643   0.71
  643   0.71
  643   0.71
  643   0.72
  643   0.72
  643   0.72
  643   0.73
  643   0.73
  643   0.73
  643   0.74
  643   0.74
  643   0.74
  643   0.75
  643   0.75
  643   0.76
  643   0.76
  643   0.76
  643   0.77
  643   0.77
  643   0.77
  643   0.78
  643   0.78
  643   0.78
  643   0.79
  643   0.79
  643   0.79
  643   0.80
  643   0.80
  643   0.81
  643   0.81
  643   0.81
  643   0.82
  643   0.82
  643   0.82
  643   0.83
  643   0.83
  643   0.83
  643   0.84
  643   0.84
  643   0.84
  643   0.85
  643   0.85
  643   0.86
  643   0.86
  643   0.86
  643   0.87
  643   0.87
  643   0.87
  643   0.88
  643   0.88
  643   0.88
  643   0.89
  643   0.89
  643   0.89
  643   0.90
  643   0.90
  643   0.91
  643   0.91
  643   0.91
  643   0.92
  643   0.92
  643   0.92
  643   0.93
  643   0.93
  643   0.93
  643   0.94
  744   0.94
  744   0.94
  744   0.95
  744   0.95
  635   0.95
  635   0.96
  626   0.96
  626   0.97
  624   0.97
  624   0.97
  617   0.98
  617   0.98
  617   0.98
  617   0.99
  617   0.99
  617   0.99
  617   1.00
  617   1.00
  617   1.01
  617   1.01
  617   1.01
  617   1.02
  617   1.02
  617   1.02
  616   1.03
  616   1.03
  617   1.03
  617   1.04
  617   1.04
  616   1.05
  616   1.05
  614   1.05
  614   1.06
  614   1.06
  609   1.06
  609   1.07
  609   1.07
  609   1.07
  609   1.08
  609   1.08
  609   1.08
  605   1.09
  605   1.09
  609   1.10
  609   1.10
  609   1.10
  605   1.11
  605   1.11
  605   1.11
  609   1.12
  609   1.12
  609   1.12
  609   1.13
  605   1.13
  605   1.14
  605   1.14
  605   1.14
  605   1.15
  605   1.15
  605   1.15
  605   1.16
  605   1.16
  603   1.17
  603   1.17
  599   1.17
  599   1.18
  599   1.18
  599   1.18
  599   1.18
  599   1.19
  599   1.19
  599   1.20
  599   1.20
  599   1.20
  599   1.21
  599   1.21
  599   1.21
  599   1.22
  599   1.22
  599   1.22
  599   1.23
  599   1.23
  599   1.23
  599   1.24
  595   1.24
  595   1.25
  595   1.25
  595   1.25
  595   1.26
  595   1.26
  595   1.26
  595   1.27
  595   1.27
  595   1.27
  595   1.28
  595   1.28
  595   1.28
  595   1.29
  595   1.29
  595   1.30
  595   1.30
  595   1.30
  595   1.31
  595   1.31
  595   1.31
  595   1.32
  595   1.32
  590   1.32
  590   1.33
  590   1.33
  590   1.33
  590   1.34
  590   1.34
  590   1.35
  590   1.35
  590   1.35
  590   1.36
  593   1.36
  593   1.36
  590   1.37
  590   1.37
  588   1.37
  588   1.38
  588   1.38
  588   1.38
  588   1.39
  588   1.39
  588   1.40
  588   1.40
  588   1.41
  588   1.41
  588   1.41
  588   1.41
  588   1.42
  588   1.42
  588   1.42
  588   1.43
  588   1.43
  588   1.43
  588   1.44
  588   1.44
  588   1.45
  588   1.45
  588   1.45
  588   1.46
  588   1.46
  588   1.46
  588   1.47
  588   1.47
  588   1.47
  588   1.48
  588   1.48
  588   1.48
  588   1.49
  588   1.50
  588   1.50
  588   1.50
  588   1.51
  588   1.51
  588   1.51
  588   1.52
  588   1.52
  588   1.52
  588   1.53
  588   1.53
  588   1.53
  588   1.54
  588   1.54
  588   1.55
  588   1.55
  588   1.55
  588   1.56
  588   1.56
  588   1.56
  588   1.57
  588   1.57
  588   1.57
  588   1.58
  588   1.58
  588   1.58
  588   1.59
  588   1.59
  588   1.60
  588   1.60
  588   1.60
  588   1.61
  588   1.61
  588   1.61
  588   1.62
  588   1.62
  588   1.63
  588   1.63
  588   1.63
  588   1.63
  588   1.64
  588   1.65
  588   1.65
  588   1.65
  588   1.65
  588   1.66
  588   1.66
  588   1.66
  588   1.67
  588   1.67
  588   1.68
  588   1.68
  589   1.68
  588   1.69
  588   1.69
  588   1.70
  588   1.70
  588   1.70
  588   1.70
  588   1.71
  588   1.71
  588   1.72
  588   1.72
  588   1.72
  588   1.73
  588   1.73
  588   1.73
  588   1.74
  590   1.74
  590   1.74
  588   1.75
  588   1.75
  590   1.75
  590   1.76
  590   1.76
  590   1.76
  590   1.77
  590   1.77
  590   1.78
  595   1.78
  595   1.78
  595   1.79
  595   1.79
  595   1.80
  595   1.80
  595   1.80
  595   1.81
  595   1.81
  595   1.81
  595   1.82
  595   1.82
  595   1.82
  595   1.83
  595   1.83
  592   1.83
  595   1.84
  595   1.84
  595   1.85
  595   1.85
  595   1.85
  595   1.86
  595   1.86
  595   1.86
  595   1.87
  595   1.87
  595   1.87
  595   1.88
  599   1.88
  599   1.88
  599   1.89
  599   1.89
  599   1.90
  599   1.90
  599   1.90
  599   1.91
  599   1.91
  599   1.91
  599   1.92
  599   1.92
  599   1.92
  599   1.93
  599   1.93
  603   1.94
  603   1.94
  603   1.94
  605   1.95
  605   1.95
  605   1.95
  605   1.96
  605   1.96
  605   1.96
  605   1.97
  609   1.97
  609   1.97
  609   1.98
  609   1.98
  609   1.99
  609   1.99
  609   2.00
  609   2.00
  609   2.00
  611   2.01
  611   2.01
  609   2.01
  609   2.02
  614   2.02
  614   2.02
  614   2.03
  614   2.03
  618   2.03
  618   2.04
  618   2.04
  618   2.05
  618   2.05
  618   2.05
  618   2.06
  622   2.06
  622   2.06
  624   2.07
  624   2.07
  626   2.07
  626   2.08
  626   2.08
  626   2.08
  626   2.09
  626   2.09
  626   2.10
  626   2.10
  626   2.10
  626   2.11
  626   2.11
  626   2.11
  626   2.12
  626   2.12
  626   2.12
  626   2.12
  626   2.13
  626   2.13
  626   2.14
  626   2.14
  626   2.14
  626   2.15
  626   2.15
  626   2.15
  626   2.16
  626   2.16
  626   2.16
  626   2.17
  626   2.17
  626   2.17
  626   2.18
  626   2.18
  626   2.19
  626   2.19
  626   2.19
  626   2.20
  626   2.20
  626   2.20
  626   2.21
  626   2.21
  626   2.21
  626   2.22
  626   2.22
  626   2.22
  626   2.23
  626   2.23
  626   2.24
  677   3.94
  677   3.94
  668   3.95
  666   3.95
  662   3.96
  662   3.96
  662   3.97
  658   3.97
  658   3.97
  658   3.98
  658   3.98
  658   3.98
  658   3.99
  658   3.99
  654   3.99
  654   4.00
  654   4.00
  654   4.00
  654   4.01
  653   4.01
  653   4.02
  654   4.02
  654   4.02
  644   4.03
  644   4.03
  644   4.03
  644   4.04
  644   4.04
  644   4.04
  644   4.05
  643   4.05
  643   4.06
  643   4.06
  643   4.06
  643   4.07
  643   4.07
  643   4.07
  643   4.08
  643   4.08
  643   4.08
  643   4.09
  643   4.09
  643   4.09
  643   4.10
  639   4.10
  639   4.11
  639   4.11
  634   4.11
  634   4.12
  634   4.12
  633   4.12
  633   4.13
  633   4.13
  633   4.14
  633   4.14
  633   4.14
  633   4.15
  631   4.15
  633   4.16
  633   4.16
  626   4.16
  625   4.17
  625   4.17
  626   4.17
  626   4.18
  626   4.18
  626   4.18
  626   4.19
  626   4.19
  626   4.19
  625   4.20
  625   4.20
  626   4.21
  626   4.21
  626   4.21
  625   4.22
  626   4.22
  626   4.22
  626   4.23
  626   4.23
  622   4.23
  622   4.23
  622   4.24
  622   4.24
  622   4.25
  622   4.25
  622   4.26
  622   4.26
  622   4.26
  622   4.27
  622   4.27
  622   4.27
  622   4.28
  622   4.28
  622   4.28
  622   4.29
  622   4.29
  622   4.29
  622   4.30
  622   4.30
  622   4.31
  622   4.31
  622   4.31
  622   4.32
  622   4.32
  618   4.32
  618   4.33
  622   4.33
  622   4.33
  618   4.34
  622   4.34
  622   4.35
  618   4.35
  618   4.35
  618   4.36
  618   4.36
  618   4.37
  618   4.37
  618   4.37
  618   4.38
  616   4.38
  616   4.38
  616   4.39
  616   4.39
  616   4.39
  616   4.40
  616   4.40
  616   4.40
  616   4.41
  616   4.41
  616   4.42
  616   4.42
  616   4.42
  616   4.43
  616   4.43
  616   4.43
  616   4.44
  616   4.44
  616   4.44
  616   4.45
  616   4.45
  616   4.45
  616   4.46
  616   4.46
  616   4.47
  616   4.47
  616   4.47
  616   4.47
  616   4.48
  616   4.48
  616   4.49
  616   4.49
  616   4.49
  616   4.50
  616   4.50
  616   4.51
  616   4.51
  616   4.51
  616   4.52
  616   4.52
  616   4.52
  616   4.53
  616   4.53
  616   4.53
  616   4.54
  616   4.54
  616   4.54
  616   4.55
  616   4.55
  616   4.56
  616   4.56
  616   4.56
  616   4.57
  616   4.57
  616   4.57
  616   4.58
  616   4.58
  616   4.58
  616   4.59
  616   4.59
  616   4.59
  616   4.60
  609   4.60
  616   4.61
  609   4.61
  609   4.62
  609   4.62
  609   4.62
  610   4.62
  610   4.63
  609   4.63
  616   4.63
  616   4.64
  609   4.64
  609   4.64
  609   4.65
  609   4.65
  609   4.66
  609   4.66
  609   4.66
  609   4.67
  609   4.67
  609   4.67
  609   4.68
  609   4.68
  609   4.68
  609   4.69
  609   4.69
  609   4.69
  609   4.70
  609   4.70
  609   4.71
  609   4.71
  609   4.71
  609   4.72
  609   4.72
  609   4.72
  609   4.73
  609   4.73
  609   4.73
  609   4.74
  609   4.74
  609   4.74
  609   4.75
  609   4.75
  609   4.76
  609   4.76
  609   4.76
  609   4.77
  609   4.77
  609   4.77
  609   4.78
  609   4.78
  609   4.78
  609   4.79
  609   4.79
  609   4.79
  609   4.80
  616   4.80
  616   4.81
  616   4.81
  609   4.81
  609   4.82
  609   4.82
  609   4.82
  616   4.83
  616   4.83
  616   4.83
  609   4.84
  609   4.84
  616   4.84
  616   4.85
  616   4.85
  616   4.86
  616   4.86
  616   4.86
  616   4.86
  616   4.87
  616   4.87
  616   4.88
  616   4.88
  616   4.88
  616   4.88
  616   4.89
  616   4.89
  616   4.89
  616   4.90
  616   4.90
  616   4.91
  616   4.91
  616   4.91
  617   4.92
  617   4.92
  616   4.92
  616   4.93
  616   4.93
  616   4.94
  616   4.94
  617   4.94
  617   4.94
  617   4.95
  617   4.95
  617   4.96
  617   4.96
  617   4.97
  617   4.97
  617   4.97
  622   4.98
  622   4.98
  622   4.98
  622   4.99
  622   4.99
  622   5.00
  626   5.00
  626   5.00
  626   5.01
  626   5.01
  626   5.01
  626   5.02
  626   5.02
  626   5.02
  626   5.03
  626   5.03
  626   5.03
  626   5.04
  626   5.04
  626   5.05
  626   5.05
  626   5.05
  626   5.06
  626   5.06
  626   5.06
  626   5.07
  626   5.07
  626   5.07
  626   5.08
  626   5.08
  626   5.08
  626   5.09
  628   5.09
  630   5.10
  630   5.10
  630   5.10
  630   5.11
  635   5.11
  635   5.11
  634   5.12
  634   5.12
  634   5.12
  634   5.13
  634   5.13
  634   5.13
  634   5.14
  633   5.14
  632   5.15
  632   5.15
  632   5.15
  632   5.16
  632   5.16
  632   5.16
  632   5.17
  633   5.17
  633   5.17
  633   5.18
  632   5.18
  632   5.18
  634   5.19
  634   5.19
  634   5.19
  645   5.20
  645   5.20
  649   5.20
  649   5.21
  649   5.21
  649   5.21
  649   5.22
  649   5.22
  649   5.22
  649   5.23
  649   5.23
  649   5.24
  649   5.24
  649   5.24
  651   5.25
  651   5.25
  643   5.25
  643   5.26
  639   5.26
  643   5.27
  643   5.27
  644   5.27
  644   5.28
  644   5.28
  644   5.28
  644   5.29
  644   5.29
  644   5.29
  644   5.30
  644   5.30
  644   5.30
  644   5.31
  644   5.31
  644   5.31
  644   5.32
  644   5.32
  644   5.32
  644   5.33
  644   5.33
  644   5.34
  644   5.34
  644   5.34
  644   5.35
  645   5.35
  645   5.35
  634   5.36
  634   5.36
  634   5.36
  634   5.37
  645   5.37
  645   5.37
  645   5.38
  645   5.38
  645   5.38
  645   5.39
  645   5.39
  645   5.40
  645   5.40
  645   5.40
  645   5.41
  645   5.41
  645   5.41
  645   5.41
  645   5.42
  645   5.42
  630   5.43
  630   5.43
  626   5.43
  624   5.44
  624   5.44
  617   5.44
  617   5.45
  617   5.45
  617   5.46
  617   5.46
  617   5.46
  617   5.47
  617   5.47
  617   5.47
  617   5.48
  617   5.48
  616   5.48
  616   5.49
  617   5.49
  616   5.50
  616   5.50
  616   5.50
  616   5.51
  614   5.51
  609   5.51
  609   5.52
  609   5.52
  609   5.52
  609   5.53
  609   5.53
  609   5.53
  609   5.54
  609   5.54
  605   5.55
  609   5.55
  609   5.55
  605   5.56
  605   5.56
  605   5.56
  605   5.57
  605   5.57
  605   5.57
  605   5.58
  605   5.58
  605   5.58
  605   5.59
  599   5.59
  599   5.60
  599   5.60
  599   5.60
  599   5.61
  599   5.61
  599   5.61
  599   5.62
  599   5.62
  599   5.62
  599   5.63
  599   5.63
  595   5.63
  595   5.64
  595   5.64
  595   5.64
  595   5.65
  595   5.65
  595   5.65
  595   5.66
  595   5.66
  595   5.66
  595   5.67
  595   5.67
  590   5.67
  590   5.68
  588   5.68
  588   5.68
  588   5.69
  588   5.69
  588   5.70
  588   5.70
  588   5.70
  588   5.70
  588   5.71
  588   5.71
  588   5.71
  588   5.72
  588   5.72
  588   5.72
  588   5.73
  588   5.73
  588   5.73
  588   5.74
  581   5.74
  581   5.75
  581   5.75
  581   5.75
  581   5.76
  581   5.76
  581   5.76
  581   5.77
  581   5.77
  581   5.77
  581   5.78
  581   5.78
  581   5.78
  581   5.79
  581   5.79
  581   5.80
  581   5.80
  581   5.80
  581   5.81
  582   5.81
  582   5.81
  582   5.82
  582   5.82
  582   5.82
  582   5.83
  582   5.83
  582   5.83
  578   5.84
  578   5.84
  578   5.85
  578   5.85
  578   5.85
  578   5.86
  578   5.86
  578   5.86
  578   5.87
  578   5.87
  578   5.87
  578   5.88
  578   5.88
  578   5.88
  578   5.89
  578   5.89
  578   5.89
  578   5.90
  578   5.90
  578   5.90
  578   5.91
  578   5.91
  578   5.91
  578   5.92
  578   5.92
  578   5.92
  578   5.93
  578   5.93
  578   5.94
  578   5.94
  578   5.94
  578   5.95
  578   5.95
  578   5.95
  578   5.96
  578   5.96
  578   5.96
  578   5.97
  578   5.97
  578   5.97
  578   5.98
  578   5.98
  578   5.99
  578   5.99
  578   5.99
  578   6.00
  578   6.00
  573   6.00
  573   6.01
  574   6.01
  574   6.01
  574   6.02
  574   6.02
  574   6.02
  574   6.03
  574   6.03
  572   6.04
  572   6.04
  572   6.04
  572   6.05
  572   6.05
  572   6.05
  572   6.06
  572   6.06
  572   6.06
  572   6.07
  572   6.07
  572   6.07
  572   6.08
  572   6.08
  572   6.08
  572   6.09
  572   6.09
  572   6.09
  572   6.10
  572   6.10
  572   6.11
  572   6.11
  572   6.11
  572   6.11
  572   6.12
  572   6.12
  572   6.12
  572   6.13
  572   6.13
  572   6.14
  572   6.14
  572   6.14
  572   6.15
  572   6.15
  572   6.16
  572   6.16
  572   6.16
  572   6.17
  572   6.17
  572   6.17
  572   6.18
  572   6.18
  572   6.18
  572   6.19
  572   6.19
  572   6.19
  572   6.20
  572   6.20
  572   6.20
  572   6.21
  572   6.21
  572   6.21
  572   6.22
  572   6.22
  572   6.23
  572   6.23
  572   6.23
  572   6.24
  572   6.24
  572   6.24
  572   6.25
  572   6.25
  572   6.25
  572   6.26
  572   6.26
  572   6.26
  572   6.27
  572   6.27
  572   6.27
  572   6.28
  570   6.28
  569   6.28
  569   6.28
  569   0.00
  569   0.00
  569   0.01
  569   0.01
  569   0.01
  569   0.01
  569   0.01
  569   0.01
  570   0.01
  570   0.01
  570   0.01
  570   0.01
  570   0.02
  569   0.02
  569   0.03
  570   0.03
  570   0.03
  570   0.03
  570   0.03
  570   0.03
  570   0.03
  570   0.03
  570   0.04
  570   0.04
  569   0.05
  569   0.05
  572   0.05
  569   0.06
  572   0.06
  572   0.07
  572   0.07
  572   0.07
  569   0.08
  572   0.08
  572   0.08
  572   0.09
  572   0.09
  572   0.10
  572   0.10
  572   0.10
  572   0.11
  572   0.11
  572   0.11
  572   0.12
  572   0.12
  572   0.12
  572   0.13
  572   0.13
  572   0.14
  572   0.14
  572   0.14
  572   0.15
  572   0.15
  572   0.15
  572   0.16
  572   0.16
  572   0.17
  572   0.17
  572   0.17
  572   0.18
  572   0.18
  572   0.18
  573   0.19
  573   0.19
  573   0.19
  573   0.20
  573   0.20
  573   0.20
  573   0.21
  573   0.21
  573   0.22
  576   0.22
  576   0.22
  573   0.23
  573   0.23
  573   0.23
  573   0.24
  573   0.24
  573   0.24
  573   0.24
  573   0.25
  573   0.25
  573   0.26
  573   0.26
  573   0.26
  573   0.27
  573   0.27
  573   0.27
  573   0.28
  573   0.28
  573   0.29
  573   0.29
  573   0.29
  573   0.29
  573   0.30
  573   0.31
  573   0.31
  573   0.31
  573   0.31
  578   0.32
  578   0.32
  578   0.32
  578   0.33
  582   0.33
  582   0.34
  582   0.34
  582   0.34
  582   0.35
  582   0.35
  582   0.36
  582   0.36
  582   0.36
  582   0.36
  582   0.37
  582   0.37
  582   0.37
  582   0.38
  582   0.38
  582   0.39
  582   0.39
  582   0.39
  582   0.40
  586   0.40
  586   0.41
  586   0.41
  586   0.41
  586   0.42
  586   0.42
  586   0.42
  586   0.42
  586   0.43
  586   0.43
  586   0.44
  586   0.44
  586   0.44
  586   0.45
  588   0.45
  588   0.46
  588   0.46
  588   0.46
  588   0.47
  590   0.47
  590   0.47
  590   0.47
  590   0.48
  590   0.48
  590   0.48
  590   0.49
  590   0.49
  590   0.50
  590   0.50
  590   0.51
  590   0.51
  597   0.51
  597   0.52
  597   0.52
  597   0.52
  597   0.53
  597   0.53
  597   0.54
  597   0.54
  597   0.54
  598   0.55
  603   0.55
  607   0.55
  607   0.56
  603   0.56
  603   0.56
  603   0.57
  607   0.57
  607   0.58
  607   0.58
  607   0.58
  607   0.59
  607   0.59
  607   0.59
  609   0.60
  609   0.60
  609   0.61
  609   0.61
  609   0.61
  616   0.62
  616   0.62
  617   0.62
  622   0.63
  622   0.63
  643   0.63
  643   0.64
  643   0.64
  643   0.64
  643   0.65
  643   0.65
  643   0.66
  643   0.66
  643   0.66
  643   0.67
  643   0.67
  643   0.67
  643   0.68
  643   0.68
  643   0.69
  643   0.69
  643   0.69
  643   0.70
  643   0.70
  643   0.71
  643   0.71
  643   0.71
  643   0.71
  643   0.72
  643   0.72
  643   0.72
  643   0.73
  643   0.73
  643   0.73
  643   0.74
  643   0.74
  643   0.74
  643   0.75
  643   0.75
  643   0.76
  643   0.76
  643   0.76
  643   0.77
  643   0.77
  643   0.77
  643   0.78
  643   0.78
  643   0.78
  643   0.79
  643   0.79
  643   0.79
  643   0.80
  643   0.80
  643   0.81
  643   0.81
  643   0.81
  643   0.82
  643   0.82
  643   0.82
  643   0.83
  643   0.83
  643   0.83
  643   0.84
  643   0.84
  643   0.84
  643   0.85
  643   0.85
  643   0.86
  643   0.86
  643   0.86
  643   0.87
  643   0.87
  643   0.87
  643   0.88
  643   0.88
  643   0.88
  643   0.89
  643   0.89
  643   0.89
  643   0.90
  643   0.90
  643   0.91
  643   0.91
  643   0.91
  643   0.92
  643   0.92
  643   0.92
  643   0.93
  643   0.93
  643   0.93
  643   0.94
  744   0.94
  744   0.94
  744   0.95
  744   0.95
  635   0.95
  635   0.96
  626   0.96
  626   0.97
  624   0.97
  624   0.97
  617   0.98
  617   0.98
  617   0.98
  617   0.99
  617   0.99
  617   0.99
  617   1.00
  617   1.00
  617   1.01
  617   1.01
  617   1.01
  617   1.02
  617   1.02
  617   1.02
  616   1.03
  616   1.03
  617   1.03
  617   1.04
  617   1.04
  616   1.05
  616   1.05
  614   1.05
  614   1.06
  614   1.06
  609   1.06
  609   1.07
  609   1.07
  609   1.07
  609   1.08
  609   1.08
  609   1.08
  605   1.09
  605   1.09
  609   1.10
  609   1.10
  609   1.10
  605   1.11
  605   1.11
  605   1.11
  609   1.12
  609   1.12
  609   1.12
  609   1.13
  605   1.13
  605   1.14
  605   1.14
  605   1.14
  605   1.15
  605   1.15
  605   1.15
  605   1.16
  605   1.16
  603   1.17
  603   1.17
  599   1.17
  599   1.18
  599   1.18
  599   1.18
  599   1.18
  599   1.19
  599   1.19
  599   1.20
  599   1.20
  599   1.20
  599   1.21
  599   1.21
  599   1.21
  599   1.22
  599   1.22
  599   1.22
  599   1.23
  599   1.23
  599   1.23
  599   1.24
  595   1.24
  595   1.25
  595   1.25
  595   1.25
  595   1.26
  595   1.26
  595   1.26
  595   1.27
  595   1.27
  595   1.27
  595   1.28
  595   1.28
  595   1.28
  595   1.29
  595   1.29
  595   1.30
  595   1.30
  595   1.30
  595   1.31
  595   1.31
  595   1.31
  595   1.32
  595   1.32
  590   1.32
  590   1.33
  590   1.33
  590   1.33
  590   1.34
  590   1.34
  590   1.35
  590   1.35
  590   1.35
  590   1.36
  593   1.36
  593   1.36
  590   1.37
  590   1.37
  588   1.37
  588   1.38
  588   1.38
  588   1.38
  588   1.39
  588   1.39
  588   1.40
  588   1.40
  588   1.41
  588   1.41
  588   1.41
  588   1.41
  588   1.42
  588   1.42
  588   1.42
  588   1.43
  588   1.43
  588   1.43
  588   1.44
  588   1.44
  588   1.45
  588   1.45
  588   1.45
  588   1.46
  588   1.46
  588   1.46
  588   1.47
  588   1.47
  588   1.47
  588   1.48
  588   1.48
  588   1.48
  588   1.49
  588   1.50
  588   1.50
  588   1.50
  588   1.51
  588   1.51
  588   1.51
  588   1.52
  588   1.52
  588   1.52
  588   1.53
  588   1.53
  588   1.53
  588   1.54
  588   1.54
  588   1.55
  588   1.55
  588   1.55
  588   1.56
  588   1.56
  588   1.56
  588   1.57
  588   1.57
  588   1.57
  588   1.58
  588   1.58
  588   1.58
  588   1.59
  588   1.59
  588   1.60
  588   1.60
  588   1.60
  588   1.61
  588   1.61
  588   1.61
  588   1.62
  588   1.62
  588   1.63
  588   1.63
  588   1.63
  588   1.63
  588   1.64
  588   1.65
  588   1.65
  588   1.65
  588   1.65
  588   1.66
  588   1.66
  588   1.66
  588   1.67
  588   1.67
  588   1.68
  588   1.68
  589   1.68
  588   1.69
  588   1.69
  588   1.70
  588   1.70
  588   1.70
  588   1.70
  588   1.71
  588   1.71
  588   1.72
  588   1.72
  588   1.72
  588   1.73
  588   1.73
  588   1.73
  588   1.74
  590   1.74
  590   1.74
  588   1.75
  588   1.75
  590   1.75
  590   1.76
  590   1.76
  590   1.76
  590   1.77
  590   1.77
  590   1.78
  595   1.78
  595   1.78
  595   1.79
  595   1.79
  595   1.80
  595   1.80
  595   1.80
  595   1.81
  595   1.81
  595   1.81
  595   1.82
  595   1.82
  595   1.82
  595   1.83
  595   1.83
  592   1.83
  595   1.84
  595   1.84
  595   1.85
  595   1.85
  595   1.85
  595   1.86
  595   1.86
  595   1.86
  595   1.87
  595   1.87
  595   1.87
  595   1.88
  599   1.88
  599   1.88
  599   1.89
  599   1.89
  599   1.90
  599   1.90
  599   1.90
  599   1.91
  599   1.91
  599   1.91
  599   1.92
  599   1.92
  599   1.92
  599   1.93
  599   1.93
  603   1.94
  603   1.94
  603   1.94
  605   1.95
  605   1.95
  605   1.95
  605   1.96
  605   1.96
  605   1.96
  605   1.97
  609   1.97
  609   1.97
  609   1.98
  609   1.98
  609   1.99
  609   1.99
  609   2.00
  609   2.00
  609   2.00
  611   2.01
  611   2.01
  609   2.01
  609   2.02
  614   2.02
  614   2.02
  614   2.03
  614   2.03
  618   2.03
  618   2.04
  618   2.04
  618   2.05
  618   2.05
  618   2.05
  618   2.06
  622   2.06
  622   2.06
  624   2.07
  624   2.07
  626   2.07
  626   2.08
  626   2.08
  626   2.08
  626   2.09
  626   2.09
  626   2.10
  626   2.10
  626   2.10
  626   2.11
  626   2.11
  626   2.11
  626   2.12
  626   2.12
  626   2.12
  626   2.12
  626   2.13
  626   2.13
  626   2.14
  626   2.14
  626   2.14
  626   2.15
  626   2.15
  626   2.15
  626   2.16
  626   2.16
  626   2.16
  626   2.17
  626   2.17
  626   2.17
  626   2.18
  626   2.18
  626   2.19
  626   2.19
  626   2.19
  626   2.20
  626   2.20
  626   2.20
  626   2.21
  626   2.21
  626   2.21
  626   2.22
  626   2.22
  626   2.22
  626   2.23
  626   2.23
  626   2.24
  677   3.94
  677   3.94
  668   3.95
  666   3.95
  662   3.96
  662   3.96
  662   3.97
  658   3.97
  658   3.97
  658   3.98
  658   3.98
  658   3.98
  658   3.99
  658   3.99
  654   3.99
  654   4.00
  654   4.00
  654   4.00
  654   4.01
  653   4.01
  653   4.02
  654   4.02
  654   4.02
  644   4.03
  644   4.03
  644   4.03
  644   4.04
  644   4.04
  644   4.04
  644   4.05
  643   4.05
  643   4.06
  643   4.06
  643   4.06
  643   4.07
  643   4.07
  643   4.07
  643   4.08
  643   4.08
  643   4.08
  643   4.09
  643   4.09
  643   4.09
  643   4.10
  639   4.10
  639   4.11
  639   4.11
  634   4.11
  634   4.12
  634   4.12
  633   4.12
  633   4.13
  633   4.13
  633   4.14
  633   4.14
  633   4.14
  633   4.15
  631   4.15
  633   4.16
  633   4.16
  626   4.16
  625   4.17
  625   4.17
  626   4.17
  626   4.18
  626   4.18
  626   4.18
  626   4.19
  626   4.19
  626   4.19
  625   4.20
  625   4.20
  626   4.21
  626   4.21
  626   4.21
  625   4.22
  626   4.22
  626   4.22
  626   4.23
  626   4.23
  622   4.23
  622   4.23
  622   4.24
  622   4.24
  622   4.25
  622   4.25
  622   4.26
  622   4.26
  622   4.26
  622   4.27
  622   4.27
  622   4.27
  622   4.28
  622   4.28
  622   4.28
  622   4.29
  622   4.29
  622   4.29
  622   4.30
  622   4.30
  622   4.31
  622   4.31
  622   4.31
  622   4.32
  622   4.32
  618   4.32
  618   4.33
  622   4.33
  622   4.33
  618   4.34
  622   4.34
  622   4.35
  618   4.35
  618   4.35
  618   4.36
  618   4.36
  618   4.37
  618   4.37
  618   4.37
  618   4.38
  616   4.38
  616   4.38
  616   4.39
  616   4.39
  616   4.39
  616   4.40
  616   4.40
  616   4.40
  616   4.41
  616   4.41
  616   4.42
  616   4.42
  616   4.42
  616   4.43
  616   4.43
  616   4.43
  616   4.44
  616   4.44
  616   4.44
  616   4.45
  616   4.45
  616   4.45
  616   4.46
  616   4.46
  616   4.47
  616   4.47
  616   4.47
  616   4.47
  616   4.48
  616   4.48
  616   4.49
  616   4.49
  616   4.49
  616   4.50
  616   4.50
  616   4.51
  616   4.51
  616   4.51
  616   4.52
  616   4.52
  616   4.52
  616   4.53
  616   4.53
  616   4.53
  616   4.54
  616   4.54
  616   4.54
  616   4.55
  616   4.55
  616   4.56
  616   4.56
  616   4.56
  616   4.57
  616   4.57
  616   4.57
  616   4.58
  616   4.58
  616   4.58
  616   4.59
  616   4.59
  616   4.59
  616   4.60
  609   4.60
  616   4.61
  609   4.61
  609   4.62
  609   4.62
  609   4.62
  610   4.62
  610   4.63
  609   4.63
  616   4.63
  616   4.64
  609   4.64
  609   4.64
  609   4.65
  609   4.65
  609   4.66
  609   4.66
  609   4.66
  609   4.67
  609   4.67
  609   4.67
  609   4.68
  609   4.68
  609   4.68
  609   4.69
  609   4.69
  609   4.69
  609   4.70
  609   4.70
  609   4.71
  609   4.71
  609   4.71
  609   4.72
  609   4.72
  609   4.72
  609   4.73
  609   4.73
  609   4.73
  609   4.74
  609   4.74
  609   4.74
  609   4.75
  609   4.75
  609   4.76
  609   4.76
  609   4.76
  609   4.77
  609   4.77
  609   4.77
  609   4.78
  609   4.78
  609   4.78
  609   4.79
  609   4.79
  609   4.79
  609   4.80
  616   4.80
  616   4.81
  616   4.81
  609   4.81
  609   4.82
  609   4.82
  609   4.82
  616   4.83
  616   4.83
  616   4.83
  609   4.84
  609   4.84
  616   4.84
  616   4.85
  616   4.85
  616   4.86
  616   4.86
  616   4.86
  616   4.86
  616   4.87
  616   4.87
  616   4.88
  616   4.88
  616   4.88
  616   4.88
  616   4.89
  616   4.89
  616   4.89
  616   4.90
  616   4.90
  616   4.91
  616   4.91
  616   4.91
  617   4.92
  617   4.92
  616   4.92
  616   4.93
  616   4.93
  616   4.94
  616   4.94
  617   4.94
  617   4.94
  617   4.95
  617   4.95
  617   4.96
  617   4.96
  617   4.97
  617   4.97
  617   4.97
  622   4.98
  622   4.98
  622   4.98
  622   4.99
  622   4.99
  622   5.00
  626   5.00
  626   5.00
  626   5.01
  626   5.01
  626   5.01
  626   5.02
  626   5.02
  626   5.02
  626   5.03
  626   5.03
  626   5.03
  626   5.04
  626   5.04
  626   5.05
  626   5.05
  626   5.05
  626   5.06
  626   5.06
  626   5.06
  626   5.07
  626   5.07
  626   5.07
  626   5.08
  626   5.08
  626   5.08
  626   5.09
  628   5.09
  630   5.10
  630   5.10
  630   5.10
  630   5.11
  635   5.11
  635   5.11
  634   5.12
  634   5.12
  634   5.12
  634   5.13
  634   5.13
  634   5.13
  634   5.14
  633   5.14
  632   5.15
  632   5.15
  632   5.15
  632   5.16
  632   5.16
  632   5.16
  632   5.17
  633   5.17
  633   5.17
  633   5.18
  632   5.18
  632   5.18
  634   5.19
  634   5.19
  634   5.19
  645   5.20
  645   5.20
  649   5.20
  649   5.21
  649   5.21
  649   5.21
  649   5.22
  649   5.22
  649   5.22
  649   5.23
  649   5.23
  649   5.24
  649   5.24
  649   5.24
  651   5.25
  651   5.25
  643   5.25
  643   5.26
  639   5.26
  643   5.27
  643   5.27
  644   5.27
  644   5.28
  644   5.28
  644   5.28
  644   5.29
  644   5.29
  644   5.29
  644   5.30
  644   5.30
  644   5.30
  644   5.31
  644   5.31
  644   5.31
  644   5.32
  644   5.32
  644   5.32
  644   5.33
  644   5.33
  644   5.34
  644   5.34
  644   5.34
  644   5.35
  645   5.35
  645   5.35
  634   5.36
  634   5.36
  634   5.36
  634   5.37
  645   5.37
  645   5.37
  645   5.38
  645   5.38
  645   5.38
  645   5.39
  645   5.39
  645   5.40
  645   5.40
  645   5.40
  645   5.41
  645   5.41
  645   5.41
  645   5.41
  645   5.42
  645   5.42
  630   5.43
  630   5.43
  626   5.43
  624   5.44
  624   5.44
  617   5.44
  617   5.45
  617   5.45
  617   5.46
  617   5.46
  617   5.46
  617   5.47
  617   5.47
  617   5.47
  617   5.48
  617   5.48
  616   5.48
  616   5.49
  617   5.49
  616   5.50
  616   5.50
  616   5.50
  616   5.51
  614   5.51
  609   5.51
  609   5.52
  609   5.52
  609   5.52
  609   5.53
  609   5.53
  609   5.53
  609   5.54
  609   5.54
  605   5.55
  609   5.55
  609   5.55
  605   5.56
  605   5.56
  605   5.56
  605   5.57
  605   5.57
  605   5.57
  605   5.58
  605   5.58
  605   5.58
  605   5.59
  599   5.59
  599   5.60
  599   5.60
  599   5.60
  599   5.61
  599   5.61
  599   5.61
  599   5.62
  599   5.62
  599   5.62
  599   5.63
  599   5.63
  595   5.63
  595   5.64
  595   5.64
  595   5.64
  595   5.65
  595   5.65
  595   5.65
  595   5.66
  595   5.66
  595   5.66
  595   5.67
  595   5.67
  590   5.67
  590   5.68
  588   5.68
  588   5.68
  588   5.69
  588   5.69
  588   5.70
  588   5.70
  588   5.70
  588   5.70
  588   5.71
  588   5.71
  588   5.71
  588   5.72
  588   5.72
  588   5.72
  588   5.73
  588   5.73
  588   5.73
  588   5.74
  581   5.74
  581   5.75
  581   5.75
  581   5.75
  581   5.76
  581   5.76
  581   5.76
  581   5.77
  581   5.77
  581   5.77
  581   5.78
  581   5.78
  581   5.78
  581   5.79
  581   5.79
  581   5.80
  581   5.80
  581   5.80
  581   5.81
  582   5.81
  582   5.81
  582   5.82
  582   5.82
  582   5.82
  582   5.83
  582   5.83
  582   5.83
  578   5.84
  578   5.84
  578   5.85
  578   5.85
  578   5.85
  578   5.86
  578   5.86
  578   5.86
  578   5.87
  578   5.87
  578   5.87
  578   5.88
  578   5.88
  578   5.88
  578   5.89
  578   5.89
  578   5.89
  578   5.90
  578   5.90
  578   5.90
  578   5.91
  578   5.91
  578   5.91
  578   5.92
  578   5.92
  578   5.92
  578   5.93
  578   5.93
  578   5.94
  578   5.94
  578   5.94
  578   5.95
  578   5.95
  578   5.95
  578   5.96
  578   5.96
  578   5.96
  578   5.97
  578   5.97
  578   5.97
  578   5.98
  578   5.98
  578   5.99
  578   5.99
  578   5.99
  578   6.00
  578   6.00
  573   6.00
  573   6.01
  574   6.01
  574   6.01
  574   6.02
  574   6.02
  574   6.02
  574   6.03
  574   6.03
  572   6.04
  572   6.04
  572   6.04
  572   6.05
  572   6.05
  572   6.05
  572   6.06
  572   6.06
  572   6.06
  572   6.07
  572   6.07
  572   6.07
  572   6.08
  572   6.08
  572   6.08
  572   6.09
  572   6.09
  572   6.09
  572   6.10
  572   6.10
  572   6.11
  572   6.11
  572   6.11
  572   6.11
  572   6.12
  572   6.12
  572   6.12
  572   6.13
  572   6.13
  572   6.14
  572   6.14
  572   6.14
  572   6.15
  572   6.15
  572   6.16
  572   6.16
  572   6.16
  572   6.17
  572   6.17
  572   6.17
  572   6.18
  572   6.18
  572   6.18
  572   6.19
  572   6.19
  572   6.19
  572   6.20
  572   6.20
  572   6.20
  572   6.21
  572   6.21
  572   6.21
  572   6.22
  572   6.22
  572   6.23
  572   6.23
  572   6.23
  572   6.24
  572   6.24
  572   6.24
  572   6.25
  572   6.25
  572   6.25
  572   6.26
  572   6.26
  572   6.26
  572   6.27
  572   6.27
  572   6.27
  572   6.28
  572   0.00
  572   0.00
  572   0.00
  572   0.00
  572   6.28
  572   6.28
  572   6.27
  572   6.27
  572   6.27
  572   6.27
  572   6.27
  572   6.27
  572   6.27
  572   6.27
  572   6.27
  572   6.27
  572   6.26
  572   6.25
  572   6.25
  572   6.25
  572   6.24
  572   6.24
  572   6.23
  572   6.23
  572   6.23
  572   6.22
  572   6.22
  572   6.22
  572   6.21
  572   6.21
  572   6.21
  572   6.20
  572   6.20
  572   6.20
  572   6.19
  572   6.19
  572   6.18
  572   6.18
  572   6.18
  572   6.17
  572   6.17
  572   6.17
  572   6.16
  572   6.16
  572   6.16
  572   6.15
  572   6.15
  572   6.15
  572   6.15
  572   6.14
  572   6.14
  572   6.13
  572   6.13
  572   6.12
  572   6.12
  572   6.12
  572   6.11
  572   6.11
  572   6.11
  572   6.11
  572   6.10
  572   6.10
  572   6.10
  572   6.09
  572   6.09
  572   6.08
  572   6.08
  572   6.08
  572   6.07
  572   6.07
  572   6.07
  572   6.06
  572   6.06
  572   6.06
  572   6.06
  572   6.05
  572   6.05
  572   6.04
  572   6.04
  572   6.04
  572   6.03
  572   6.03
  572   6.03
  572   6.02
  572   6.02
  572   6.02
  572   6.01
  572   6.01
  572   6.01
  572   6.00
  572   6.00
  572   5.99
  574   5.99
  574   5.99
  574   5.98
  574   5.98
  574   5.98
  574   5.97
  574   5.97
  574   5.97
  574   5.96
  573   5.96
  573   5.95
  578   5.95
  578   5.95
  578   5.94
  578   5.94
  578   5.93
  578   5.93
  578   5.93
  578   5.92
  578   5.92
  578   5.92
  578   5.91
  578   5.91
  578   5.91
  578   5.90
  578   5.90
  578   5.90
  578   5.89
  578   5.89
  578   5.88
  578   5.88
  578   5.88
  578   5.88
  578   5.87
  578   5.87
  578   5.87
  578   5.86
  578   5.86
  578   5.85
  578   5.85
  578   5.85
  578   5.84
  578   5.84
  578   5.84
  578   5.83
  578   5.83
  578   5.83
  578   5.82
  578   5.82
  582   5.82
  582   5.81
  582   5.81
  582   5.80
  582   5.80
  582   5.80
  582   5.79
  582   5.79
  582   5.78
  582   5.78
  582   5.78
  582   5.77
  581   5.77
  581   5.77
  581   5.76
  581   5.76
  581   5.75
  581   5.75
  581   5.75
  581   5.74
  581   5.74
  581   5.73
  581   5.73
  581   5.73
  581   5.72
  581   5.72
  581   5.72
  581   5.71
  581   5.71
  588   5.71
  588   5.70
  588   5.70
  588   5.70
  588   5.69
  588   5.69
  588   5.68
  588   5.68
  588   5.68
  588   5.67
  588   5.67
  588   5.67
  588   5.66
  588   5.66
  588   5.65
  590   5.65
  590   5.65
  590   5.64
  595   5.64
  595   5.64
  595   5.63
  595   5.63
  595   5.63
  595   5.62
  595   5.62
  595   5.62
  595   5.61
  599   5.61
  599   5.61
  599   5.60
  599   5.60
  599   5.59
  599   5.59
  599   5.59
  599   5.58
  599   5.58
  603   5.58
  603   5.57
  603   5.57
  603   5.57
  605   5.56
  605   5.56
  605   5.56
  605   5.55
  605   5.55
  605   5.54
  609   5.54
  609   5.53
  609   5.53
  609   5.53
  609   5.53
  609   5.52
  609   5.52
  609   5.51
  609   5.51
  609   5.51
  609   5.51
  609   5.50
  609   5.50
  616   5.49
  616   5.49
  616   5.49
  616   5.48
  617   5.48
  617   5.47
  617   5.47
  617   5.47
  617   5.46
  617   5.46
  617   5.46
  617   5.45
  617   5.45
  617   5.45
  617   5.44
  617   5.44
  624   5.43
  624   5.43
  624   5.43
  624   5.43
  624   5.42
  624   5.42
  624   5.41
  630   5.41
  630   5.41
  639   5.41
  639   5.40
  639   5.40
  639   5.39
  639   5.39
  639   5.39
  639   5.38
  639   5.38
  639   5.38
  639   5.37
  639   5.37
  639   5.37
  639   5.36
  639   5.36
  639   5.36
  635   5.36
  635   5.35
  641   5.35
  641   5.34
  641   5.34
  645   5.34
  645   5.33
  645   5.33
  645   5.33
  645   5.32
  645   5.32
  645   5.32
  645   5.31
  645   5.31
  645   5.31
  645   5.30
  645   5.30
  645   5.29
  645   5.29
  645   5.28
  645   5.28
  645   5.28
  645   5.28
  645   5.27
  645   5.27
  645   5.27
  645   5.26
  645   5.26
  645   5.26
  645   5.25
  651   5.25
  643   5.24
  643   5.24
  644   5.24
  651   5.23
  651   5.23
  651   5.23
  651   5.22
  651   5.22
  651   5.22
  651   5.21
  651   5.21
  651   5.21
  651   5.20
  651   5.20
  651   5.19
  651   5.19
  651   5.19
  651   5.18
  651   5.18
  645   5.18
  645   5.17
  634   5.17
  634   5.17
  634   5.17
  634   5.16
  633   5.16
  633   5.16
  633   5.15
  633   5.15
  633   5.14
  633   5.14
  633   5.14
  633   5.13
  632   5.13
  633   5.13
  633   5.12
  634   5.12
  634   5.12
  634   5.11
  634   5.11
  634   5.11
  634   5.10
  634   5.10
  634   5.09
  634   5.09
  634   5.09
  635   5.08
  630   5.08
  630   5.08
  630   5.07
  630   5.07
  630   5.07
  630   5.06
  626   5.06
  626   5.05
  626   5.05
  626   5.04
  626   5.04
  626   5.04
  626   5.04
  626   5.03
  626   5.03
  626   5.02
  626   5.02
  626   5.02
  626   5.01
  626   5.01
  626   5.01
  626   5.00
  626   5.00
  626   4.99
  626   4.99
  626   4.99
  626   4.98
  626   4.98
  626   4.98
  626   4.97
  622   4.97
  622   4.97
  622   4.96
  622   4.96
  622   4.96
  617   4.95
  617   4.95
  617   4.94
  617   4.94
  617   4.94
  616   4.94
  616   4.93
  617   4.93
  617   4.93
  616   4.92
  616   4.92
  616   4.91
  616   4.91
  616   4.91
  616   4.90
  616   4.90
  616   4.89
  616   4.89
  616   4.89
  616   4.88
  616   4.88
  616   4.88
  616   4.87
  616   4.87
  616   4.87
  616   4.86
  616   4.86
  616   4.85
  616   4.85
  616   4.85
  616   4.84
  616   4.84
  616   4.84
  616   4.83
  616   4.83
  616   4.83
  616   4.82
  616   4.82
  616   4.81
  616   4.81
  616   4.81
  616   4.80
  616   4.80
  609   4.79
  609   4.79
  609   4.79
  616   4.78
  616   4.78
  609   4.78
  609   4.77
  609   4.77
  609   4.76
  609   4.76
  609   4.76
  609   4.75
  609   4.75
  609   4.74
  609   4.74
  609   4.74
  609   4.73
  609   4.73
  609   4.73
  609   4.72
  609   4.72
  609   4.72
  609   4.71
  609   4.71
  609   4.71
  609   4.70
  609   4.70
  609   4.70
  609   4.69
  609   4.69
  609   4.69
  609   4.68
  609   4.68
  609   4.68
  609   4.67
  609   4.67
  609   4.67
  609   4.66
  609   4.66
  609   4.65
  609   4.65
  609   4.65
  609   4.64
  609   4.64
  609   4.64
  609   4.63
  609   4.63
  609   4.63
  609   4.62
  609   4.62
  616   4.62
  616   4.61
  609   4.61
  609   4.60
  609   4.60
  616   4.60
  609   4.59
  609   4.59
  609   4.59
  609   4.58
  616   4.58
  616   4.57
  616   4.57
  616   4.57
  616   4.56
  616   4.56
  616   4.56
  609   4.55
  616   4.55
  616   4.55
  616   4.54
  616   4.54
  616   4.54
  616   4.53
  616   4.53
  616   4.53
  616   4.52
  616   4.52
  616   4.52
  616   4.51
  616   4.51
  616   4.50
  616   4.50
  616   4.49
  616   4.49
  616   4.49
  616   4.49
  616   4.48
  616   4.48
  616   4.48
  616   4.47
  616   4.47
  616   4.47
  616   4.46
  616   4.46
  616   4.46
  616   4.45
  616   4.45
  616   4.44
  616   4.44
  616   4.44
  616   4.44
  616   4.43
  616   4.43
  616   4.43
  616   4.42
  616   4.42
  616   4.42
  616   4.41
  616   4.41
  616   4.40
  616   4.40
  616   4.40
  616   4.39
  616   4.39
  616   4.39
  616   4.38
  616   4.38
  616   4.38
  616   4.37
  616   4.37
  616   4.37
  616   4.36
  618   4.36
  618   4.35
  622   4.35
  622   4.35
  618   4.34
  618   4.34
  622   4.34
  622   4.33
  622   4.33
  622   4.32
  622   4.32
  622   4.32
  622   4.31
  622   4.31
  622   4.31
  622   4.30
  622   4.30
  622   4.29
  622   4.29
  622   4.29
  622   4.28
  622   4.28
  622   4.28
  622   4.27
  622   4.27
  622   4.27
  622   4.26
  622   4.26
  622   4.25
  622   4.25
  622   4.25
  622   4.24
  622   4.24
  622   4.24
  622   4.23
  622   4.23
  622   4.23
  622   4.23
  622   4.22
  622   4.22
  622   4.22
  626   4.21
  626   4.21
  626   4.20
  626   4.20
  626   4.20
  626   4.19
  626   4.19
  626   4.19
  626   4.18
  626   4.18
  626   4.18
  626   4.17
  626   4.17
  626   4.16
  626   4.16
  626   4.15
  626   4.15
  632   4.15
  632   4.14
  633   4.14
  633   4.14
  633   4.13
  633   4.13
  633   4.13
  633   4.12
  633   4.12
  633   4.12
  632   4.11
  634   4.11
  634   4.10
  634   4.10
  634   4.10
  634   4.09
  634   4.09
  639   4.09
  639   4.08
  639   4.08
  639   4.08
  639   4.07
  639   4.07
  639   4.07
  639   4.06
  639   4.06
  639   4.05
  643   4.05
  643   4.05
  643   4.04
  644   4.04
  644   4.04
  644   4.03
  644   4.03
  644   4.03
  644   4.02
  644   4.02
  644   4.02
  651   4.01
  649   4.01
  653   4.00
  653   4.00
  654   4.00
  654   3.99
  654   3.99
  654   3.99
  658   3.98
  658   3.98
  658   3.98
  658   3.97
  658   3.97
  658   3.97
  662   3.96
  662   3.96
  662   3.95
  662   3.95
  666   3.95
  666   3.94
  666   3.94
  666   3.94
  672   3.93
  672   3.93
  672   3.92
  677   3.92
  677   3.92
  681   3.91
  681   3.91
  681   3.90
  681   3.90
  681   3.90
  681   3.89
  681   3.89
  681   3.89
  681   3.88
  681   3.88
  681   3.88
  681   3.87
  681   3.87
  681   3.87
  681   3.86
  681   3.86
  681   3.85
  681   3.85
  681   3.85
  681   3.84
  681   3.84
  681   3.84
  681   3.83
  681   3.83
  681   3.83
  681   3.82
  681   3.82
  681   3.82
  681   3.81
  681   3.81
  681   3.80
  681   3.80
  681   3.80
  681   3.79
  681   3.79
  681   3.78
  681   3.78
  681   3.78
  681   3.77
  681   3.77
  681   3.77
  681   3.76
  681   3.76
  681   3.76
  681   3.75
  681   3.75
  681   3.75
  681   3.74
  681   3.74
  681   3.74
  681   3.73
  681   3.73
  681   3.73
  681   3.72
  681   3.72
  681   3.72
  632   2.03
  632   2.03
  624   2.02
  624   2.02
  622   2.02
  622   2.01
  618   2.01
  618   2.01
  618   2.00
  618   2.00
  618   2.00
  618   1.99
  618   1.99
  614   1.99
  614   1.98
  614   1.98
  614   1.97
  614   1.97
  614   1.97
  609   1.96
  609   1.96
  609   1.96
  609   1.95
  609   1.95
  609   1.95
  609   1.94
  605   1.94
  605   1.94
  605   1.93
  605   1.93
  605   1.92
  605   1.92
  603   1.92
  603   1.91
  603   1.91
  603   1.91
  603   1.90
  599   1.90
  599   1.89
  599   1.89
  599   1.89
  599   1.88
  599   1.88
  599   1.88
  599   1.87
  599   1.87
  599   1.87
  599   1.87
  599   1.86
  599   1.86
  599   1.85
  599   1.85
  599   1.85
  599   1.84
  599   1.84
  599   1.84
  595   1.83
  595   1.83
  595   1.82
  595   1.82
  595   1.82
  595   1.81
  595   1.81
  595   1.81
  595   1.80
  595   1.80
  595   1.80
  595   1.79
  595   1.79
  595   1.78
  595   1.78
  595   1.78
  595   1.77
  595   1.77
  595   1.77
  595   1.76
  595   1.76
  595   1.76
  595   1.75
  595   1.75
  595   1.75
  595   1.74
  590   1.74
  590   1.74
  590   1.73
  591   1.73
  591   1.72
  590   1.72
  591   1.72
  591   1.71
  590   1.71
  590   1.71
  588   1.70
  588   1.70
  588   1.70
  588   1.69
  588   1.69
  588   1.68
  588   1.68
  588   1.68
  588   1.67
  588   1.67
  588   1.67
  588   1.66
  588   1.66
  588   1.66
  588   1.65
  588   1.65
  588   1.65
  588   1.65
  588   1.64
  588   1.64
  588   1.63
  588   1.63
  588   1.63
  588   1.62
  588   1.62
  588   1.62
  588   1.61
  588   1.61
  588   1.61
  588   1.60
  588   1.60
  588   1.60
  588   1.59
  588   1.59
  588   1.58
  588   1.58
  588   1.58
  588   1.57
  589   1.57
  589   1.57
  588   1.56
  588   1.56
  588   1.56
  588   1.55
  588   1.55
  588   1.55
  588   1.54
  588   1.54
  588   1.53
  588   1.53
  588   1.53
  588   1.52
  588   1.52
  588   1.52
  588   1.51
  588   1.51
  588   1.51
  588   1.50
  588   1.50
  588   1.50
  588   1.49
  588   1.49
  588   1.48
  588   1.48
  588   1.48
  588   1.47
  588   1.47
  588   1.47
  588   1.46
  588   1.46
  588   1.46
  588   1.45
  588   1.45
  588   1.44
  588   1.44
  588   1.43
  588   1.43
  588   1.43
  588   1.42
  588   1.42
  589   1.42
  589   1.42
  588   1.41
  588   1.41
  588   1.41
  588   1.40
  588   1.40
  588   1.40
  588   1.39
  588   1.39
  588   1.38
  588   1.38
  588   1.38
  588   1.37
  588   1.37
  588   1.37
  588   1.36
  588   1.36
  588   1.36
  588   1.35
  588   1.35
  588   1.35
  590   1.34
  588   1.34
  590   1.33
  590   1.33
  590   1.32
  590   1.32
  595   1.32
  595   1.31
  590   1.31
  590   1.31
  590   1.30
  590   1.30
  590   1.30
  595   1.29
  595   1.29
  595   1.28
  595   1.28
  595   1.28
  595   1.27
  595   1.27
  595   1.27
  595   1.26
  595   1.26
  595   1.26
  595   1.25
  595   1.25
  595   1.25
  595   1.24
  595   1.24
  595   1.23
  595   1.23
  595   1.23
  595   1.22
  595   1.22
  595   1.21
  595   1.21
  599   1.21
  599   1.20
  599   1.20
  599   1.20
  599   1.19
  599   1.19
  599   1.18
  599   1.18
  599   1.18
  599   1.18
  599   1.17
  599   1.17
  599   1.17
  599   1.16
  599   1.16
  599   1.16
  599   1.15
  599   1.15
  605   1.14
  605   1.14
  605   1.13
  605   1.13
  605   1.13
  605   1.12
  605   1.12
  605   1.12
  605   1.11
  605   1.11
  605   1.11
  605   1.10
  605   1.10
  605   1.10
  609   1.09
  605   1.09
  609   1.08
  609   1.08
  609   1.08
  609   1.07
  609   1.07
  609   1.07
  609   1.06
  609   1.06
  609   1.06
  609   1.05
  609   1.05
  609   1.05
  609   1.04
  609   1.04
  614   1.03
  614   1.03
  614   1.03
  616   1.02
  616   1.02
  617   1.02
  617   1.01
  617   1.01
  617   1.01
  617   1.00
  617   1.00
  617   1.00
  617   0.99
  617   0.99
  617   0.98
  617   0.98
  617   0.98
  617   0.97
  617   0.97
  617   0.97
  624   0.96
  624   0.96
  624   0.96
  624   0.95
  626   0.95
  635   0.95
  639   0.94
  639   0.94
  736   0.93
  736   0.93
  639   0.93
  639   0.93
  730   0.92
  730   0.92
  643   0.92
  643   0.91
  643   0.91
  643   0.91
  643   0.90
  643   0.90
  643   0.90
  643   0.89
  643   0.89
  643   0.88
  643   0.88
  643   0.88
  643   0.87
  643   0.87
  643   0.87
  643   0.86
  643   0.86
  643   0.86
  643   0.85
  643   0.85
  643   0.85
  643   0.84
  643   0.84
  643   0.83
  643   0.83
  643   0.83
  643   0.82
  643   0.82
  643   0.82
  643   0.81
  643   0.81
  643   0.81
  643   0.80
  643   0.80
  643   0.79
  643   0.79
  643   0.79
  643   0.78
  643   0.78
  643   0.78
  643   0.77
  643   0.77
  643   0.77
  643   0.76
  643   0.76
  643   0.76
  643   0.75
  643   0.75
  643   0.74
  643   0.74
  643   0.74
  643   0.73
  643   0.73
  643   0.73
  643   0.72
  643   0.72
  643   0.72
  643   0.71
  643   0.71
  643   0.71
  643   0.71
  643   0.70
  643   0.70
  643   0.69
  643   0.69
  643   0.69
  643   0.68
  643   0.68
  643   0.68
  643   0.67
  643   0.67
  643   0.67
  643   0.66
  643   0.66
  643   0.66
  643   0.65
  643   0.65
  643   0.64
  643   0.64
  643   0.64
  643   0.63
  643   0.63
  643   0.63
  643   0.62
  643   0.62
  643   0.62
  643   0.61
  643   0.61
  643   0.61
  643   0.60
  643   0.60
  643   0.59
  616   0.59
  616   0.59
  617   0.58
  616   0.58
  616   0.58
  609   0.57
  609   0.57
  609   0.57
  609   0.56
  609   0.56
  609   0.56
  609   0.55
  609   0.55
  607   0.54
  607   0.54
  607   0.54
  607   0.53
  607   0.53
  607   0.53
  607   0.52
  607   0.52
  607   0.52
  603   0.51
  603   0.51
  603   0.51
  603   0.50
  597   0.50
  597   0.49
  597   0.49
  597   0.49
  597   0.48
  597   0.48
  597   0.48
  590   0.47
  590   0.47
  590   0.47
  590   0.47
  590   0.46
  590   0.46
  590   0.45
  590   0.45
  590   0.44
  590   0.44
  590   0.44
  590   0.43
  584   0.43
  584   0.43
  590   0.42
  590   0.42
  588   0.42
  588   0.41
  588   0.41
  586   0.41
  586   0.40
  586   0.40
  586   0.39
  586   0.39
  586   0.39
  586   0.38
  586   0.38
  586   0.38
  586   0.37
  582   0.37
  582   0.37
  582   0.36
  582   0.36
  582   0.36
  582   0.35
  582   0.35
  582   0.34
  582   0.34
  582   0.33
  582   0.33
  582   0.33
  582   0.32
  582   0.32
  582   0.32
  582   0.31
  582   0.31
  582   0.31
  578   0.30
  578   0.30
  578   0.29
  578   0.29
  578   0.29
  578   0.28
  574   0.28
  574   0.28
  573   0.27
  573   0.27
  573   0.27
  573   0.26
  573   0.26
  573   0.26
  573   0.25
  573   0.24
  573   0.24
  573   0.24
  573   0.24
  573   0.23
  573   0.23
  573   0.23
  573   0.22
  573   0.22
  573   0.22
  573   0.21
  573   0.21
  573   0.21
  573   0.20
  573   0.20
  573   0.19
  573   0.19
  573   0.19
  573   0.18
  573   0.18
  573   0.18
  572   0.17
  572   0.17
  573   0.17
  573   0.16
  573   0.16
  572   0.16
  572   0.15
  572   0.15
  572   0.14
  572   0.14
  572   0.14
  572   0.13
  572   0.13
  572   0.12
  572   0.12
  572   0.12
  572   0.11
  572   0.11
  572   0.11
  572   0.10
  572   0.10
  572   0.10
  572   0.09
  572   0.09
  572   0.09
  572   0.08
  572   0.08
  572   0.08
  572   0.07
  572   0.07
  572   0.06
  572   0.06
  572   0.06
  572   0.05
  572   0.05
  572   0.04
  572   0.04
  572   0.04
  572   0.04
  572   0.03
  572   0.03
  572   0.02
  572   0.02
  572   0.02
  572   0.01
  572   0.01
  572   0.01
  569   0.01
STOPPING
